1 0.71875 0.5546944444444445 0.0083125 0.01411111111111111
1 0.1573515625 0.484375 0.0154296875 0.01901388888888889
1 0.608890625 0.7565138888888889 0.007789062500000001 0.017388888888888888
1 0.391359375 0.24197222222222223 0.0103671875 0.028152777777777777
1 0.5087890625 0.5850694444444444 0.009523437499999999 0.024333333333333332
1 0.8515625 0.5690138888888889 0.016843749999999998 0.018291666666666668
1 0.7763671875 0.7052916666666667 0.014499999999999999 0.020458333333333335
1 0.685546875 0.48568055555555556 0.01578125 0.024805555555555556
1 0.8442421875000001 0.8958333333333334 0.0174375 0.024055555555555556
1 0.8291015625 0.9401111111111111 0.019640625000000002 0.026083333333333333
0 0.8017578125 0.7201388888888889 0.00446875 0.009722222222222222
1 0.9515078125 0.6227361111111112 0.0193125 0.04125
1 0.7099140625 0.5552083333333333 0.009929687500000001 0.013986111111111112