1 0.61865625 0.17469444444444446 0.011328125 0.02423611111111111
1 0.439453125 0.6493055555555556 0.0088828125 0.02022222222222222
1 0.48461718749999994 0.16115277777777778 0.014953125000000001 0.033638888888888885
1 0.6884765625 0.5577222222222222 0.0121015625 0.022805555555555558
0 0.47289843749999994 0.5316805555555556 0.0044843750000000005 0.011569444444444445
1 0.2139609375 0.15679166666666666 0.021578125 0.025069444444444446
1 0.41382031250000006 0.8715277777777778 0.0121953125 0.033041666666666664
1 0.0980859375 0.4835138888888889 0.0193046875 0.025694444444444443
1 0.60546875 0.8329027777777779 0.0082890625 0.025291666666666667
1 0.70459375 0.7144166666666667 0.012484375 0.02690277777777778
1 0.278078125 0.21322222222222223 0.0125703125 0.024708333333333332
1 0.824546875 0.5204027777777778 0.0185546875 0.02538888888888889
1 0.47591406249999996 0.518625 0.009515625 0.01698611111111111