1 0.5454140625 0.47352777777777777 0.010249999999999999 0.022708333333333334
1 0.6875 0.6454027777777778 0.0120078125 0.02022222222222222
1 0.608890625 0.4151527777777778 0.012828125000000001 0.027430555555555555
1 0.517578125 0.2960138888888889 0.01009375 0.017722222222222223
1 0.7421875 0.34765277777777776 0.014453125 0.024430555555555556
1 0.628421875 0.32269444444444445 0.00815625 0.01513888888888889
1 0.6391640625 0.7074722222222222 0.0109453125 0.015194444444444444
1 0.4379921875 0.24630555555555556 0.0088828125 0.026694444444444444
1 0.2985859375 0.324 0.011828125 0.01822222222222222
1 0.6552734375 0.5755277777777777 0.0116875 0.018791666666666665
1 0.8203125 0.4887222222222222 0.0174375 0.028152777777777777
0 0.36059375 0.2855972222222222 0.00425 0.007875
1 0.57421875 0.8832500000000001 0.009484375 0.015611111111111112