1 0.22936718749999999 0.21843055555555557 0.012921875 0.01998611111111111
1 0.19428125000000002 0.6229861111111111 0.01925 0.022805555555555558
1 0.40600781250000006 0.5199722222222222 0.008921875 0.019680555555555555
1 0.070390625 0.4963194444444445 0.02134375 0.02672222222222222
1 0.234375 0.8550416666666667 0.0116875 0.018361111111111113
1 0.21862499999999999 0.44834722222222223 0.011960937500000001 0.01938888888888889
1 0.3227578125 0.6410555555555556 0.0119140625 0.018791666666666665
1 0.397953125 0.3200972222222222 0.011828125 0.02369444444444444
1 0.3358046875 0.6140694444444444 0.009484375 0.017472222222222222
1 0.751953125 0.5377638888888889 0.015671875 0.021513888888888888
1 0.3439921875 0.8324722222222222 0.010859375000000001 0.02415277777777778
1 0.371828125 0.38911111111111113 0.017046875 0.027944444444444445
0 0.2256484375 0.4657777777777778 0.0038359375 0.007125