1 0.5278359375 0.2361111111111111 0.01040625 0.024902777777777777
1 0.4663125 0.5342916666666666 0.012921875 0.02731944444444445
1 0.36475 0.2586805555555556 0.010859375000000001 0.021597222222222223
1 0.3967265625 0.5685833333333333 0.009671875 0.02323611111111111
1 0.5869140625 0.4431388888888889 0.007609375 0.024333333333333332
1 0.580078125 0.7044305555555556 0.015187500000000001 0.035944444444444446
1 0.486328125 0.7582500000000001 0.012234375 0.021847222222222223
1 0.5048828125 0.40625 0.00996875 0.026486111111111113
1 0.43237500000000006 0.5963611111111111 0.012484375 0.02752777777777778
1 0.1840859375 0.5733472222222222 0.010734375 0.018152777777777778
1 0.4511953125 0.848875 0.0101640625 0.028597222222222222
1 0.28107812499999996 0.7222222222222222 0.017093749999999998 0.033930555555555554
0 0.5400390625 0.42773611111111115 0.0039453125 0.008625