1 0.257328125 0.329 0.0106953125 0.02022222222222222
1 0.619140625 0.17740277777777777 0.01178125 0.027000000000000003
0 0.5766640625 0.6966111111111111 0.0036953125000000002 0.008930555555555554
1 0.67725 0.5677083333333334 0.0102890625 0.021430555555555557
1 0.0886875 0.4869861111111111 0.02025 0.020388888888888887
1 0.2075234375 0.16504166666666667 0.0161015625 0.026083333333333333
1 0.48828125 0.163625 0.01615625 0.03290277777777778
1 0.8383828125000001 0.5377638888888889 0.0210390625 0.02227777777777778
1 0.47827343750000006 0.4774305555555556 0.00878125 0.021680555555555554
1 0.68359375 0.7365416666666665 0.0158984375 0.023972222222222225
1 0.447265625 0.6523472222222222 0.0084453125 0.017388888888888888
1 0.6044921875 0.8958333333333334 0.012773437500000002 0.03159722222222222
1 0.3869609375 0.8680555555555556 0.012867187499999998 0.023500000000000004