1 0.42504687499999994 0.8329027777777779 0.009335937499999999 0.022097222222222223
1 0.12347656250000001 0.47352777777777777 0.0136875 0.017652777777777778
1 0.486328125 0.2665 0.0160234375 0.029263888888888888
1 0.3176875 0.8119166666666667 0.016468749999999997 0.01986111111111111
1 0.46875 0.5277777777777778 0.013632812499999999 0.022875
1 0.550296875 0.6822916666666666 0.0100546875 0.021430555555555557
1 0.8208046875000001 0.5976527777777778 0.012234375 0.021930555555555554
1 0.4790078125 0.7356805555555557 0.0135859375 0.02013888888888889
1 0.435546875 0.4522638888888889 0.0153046875 0.028055555555555556
1 0.5908359375 0.44147222222222227 0.015460937499999999 0.01886111111111111
1 0.546390625 0.7816805555555555 0.0145546875 0.03247222222222222
1 0.27175 0.26502777777777775 0.01475 0.018291666666666668
0 0.5517109375 0.7854722222222221 0.0046796875 0.009041666666666667