1 0.5263671875 0.21300000000000002 0.011289062499999999 0.026083333333333333
1 0.6025390625 0.7118055555555556 0.0104921875 0.02201388888888889
1 0.3955078125 0.5434027777777778 0.009015625 0.021180555555555557
1 0.4326171875 0.6072083333333333 0.0111171875 0.02126388888888889
1 0.466796875 0.5368888888888889 0.0121953125 0.027944444444444445
1 0.360109375 0.26887500000000003 0.0146171875 0.025
1 0.16540625 0.5642361111111112 0.011828125 0.01659722222222222
1 0.5004921875 0.7569444444444444 0.011164062499999999 0.03040277777777778
1 0.568359375 0.4427083333333333 0.0205234375 0.03125
1 0.280765625 0.7452222222222221 0.012484375 0.025986111111111113
1 0.45483593750000006 0.8233472222222221 0.0088828125 0.022347222222222223
1 0.49585156250000006 0.4105972222222222 0.009523437499999999 0.021847222222222223
0 0.5603281250000001 0.4379166666666667 0.006015625 0.01176388888888889