1 0.3127421875 0.8203194444444445 0.014335937500000001 0.028375
1 0.531640625 0.6747222222222222 0.01665625 0.02026388888888889
1 0.2673359375 0.26258333333333334 0.014953125000000001 0.025097222222222222
1 0.123171875 0.47352777777777777 0.01353125 0.018083333333333333
1 0.4301796875 0.45181944444444444 0.012484375 0.024902777777777777
1 0.567875 0.4444444444444444 0.010781250000000001 0.02297222222222222
1 0.529296875 0.7873333333333333 0.01640625 0.027208333333333334
1 0.4619140625 0.5308194444444444 0.008546874999999999 0.02201388888888889
1 0.46548437500000006 0.73675 0.0161484375 0.019208333333333334
1 0.4726875 0.26322222222222225 0.0185703125 0.025291666666666667
1 0.8110937500000001 0.5971666666666666 0.0200703125 0.017416666666666667
1 0.42115625 0.8314722222222222 0.0144921875 0.018583333333333334
0 0.5401015625000001 0.7879166666666666 0.004859375 0.009916666666666666