1 0.2946796875 0.2708333333333333 0.015601562499999999 0.03233333333333333
1 0.12859375 0.4741944444444445 0.016609375000000003 0.018416666666666668
1 0.519859375 0.5216805555555556 0.0153671875 0.01975
1 0.56640625 0.6905416666666666 0.012625 0.03113888888888889
1 0.6840859375 0.6670972222222222 0.017046875 0.024430555555555556
1 0.3383984375 0.7683888888888889 0.014609374999999999 0.028458333333333332
1 0.597171875 0.7560833333333333 0.015484375 0.02690277777777778
1 0.4716796875 0.4587638888888889 0.013843749999999998 0.024333333333333332
1 0.599125 0.30295833333333333 0.01353125 0.021930555555555554
1 0.859375 0.5225694444444444 0.0173828125 0.02359722222222222
1 0.7290078125 0.4244861111111111 0.0140625 0.02323611111111111
1 0.4616328125 0.8232222222222223 0.01515625 0.015472222222222222
0 0.7172890625 0.4631111111111111 0.0053671875 0.00836111111111111