1 0.697265625 0.6471388888888889 0.012968750000000001 0.0185
1 0.8576484375 0.4788888888888889 0.0196953125 0.020972222222222222
1 0.89453125 0.8077222222222221 0.0171015625 0.023416666666666665
1 0.4536171875 0.6849027777777777 0.01178125 0.02077777777777778
1 0.5842890625 0.8193194444444444 0.009953125 0.020041666666666666
1 0.7490234375 0.5577222222222222 0.0121015625 0.017458333333333333
1 0.3793984375 0.26584722222222223 0.0087421875 0.0185
1 0.9500390624999999 0.63375 0.02434375 0.018541666666666665
1 0.5922890625 0.49175 0.01628125 0.025986111111111113
1 0.1547890625 0.48568055555555556 0.01621875 0.01923611111111111
1 0.7265625 0.7986111111111112 0.01621875 0.023333333333333334
1 0.8681640625 0.9652777777777778 0.012828125000000001 0.029944444444444444
0 0.8579140625000001 0.9409722222222222 0.0051796875 0.008680555555555556