1 0.5317421875 0.3337638888888889 0.011375 0.02323611111111111
1 0.265140625 0.84375 0.011289062499999999 0.02077777777777778
1 0.2359375 0.3962638888888889 0.01784375 0.014930555555555556
1 0.568359375 0.5069444444444444 0.013796875 0.023333333333333334
1 0.455078125 0.28255555555555556 0.014226562500000001 0.030194444444444444
1 0.23204687499999999 0.2145 0.014195312500000001 0.029430555555555557
1 0.8032265625000001 0.5499166666666666 0.0153046875 0.02297222222222222
1 0.505375 0.6762222222222222 0.0123828125 0.026583333333333334
0 0.3688984375 0.7270000000000001 0.0036640625000000002 0.007527777777777777
1 0.072875 0.5099861111111111 0.0205234375 0.02786111111111111
1 0.21484375 0.5199722222222222 0.01953125 0.02126388888888889
1 0.4067421875 0.7287361111111111 0.013375000000000001 0.020388888888888887
1 0.47715625 0.8819583333333333 0.009765625 0.018458333333333334