1 0.23107812499999997 0.21929166666666663 0.016890625 0.02313888888888889
1 0.3830546875 0.6970555555555555 0.011164062499999999 0.020694444444444446
1 0.46110937500000004 0.6825555555555556 0.013890625 0.02305555555555556
1 0.1850625 0.8046944444444445 0.0164609375 0.024902777777777777
1 0.4189453125 0.8563333333333333 0.011554687499999999 0.028486111111111115
1 0.214359375 0.4325138888888889 0.017640625 0.023500000000000004
1 0.151859375 0.5677083333333334 0.01634375 0.02175
1 0.791015625 0.5395 0.022765625 0.028624999999999998
0 0.1533203125 0.6236944444444444 0.004828125 0.008958333333333334
1 0.50928125 0.4943611111111111 0.010328125 0.01984722222222222
1 0.058437499999999996 0.5555555555555556 0.018875 0.022347222222222223
1 0.47143750000000006 0.319875 0.0084140625 0.01801388888888889
1 0.42016406249999994 0.31531944444444443 0.01525 0.028055555555555556