1 0.440921875 0.41427777777777774 0.0095625 0.014222222222222223
1 0.538578125 0.2753888888888889 0.0102109375 0.021597222222222223
1 0.3696328125 0.339625 0.0096328125 0.016416666666666666
1 0.6611328125 0.5802916666666667 0.0105703125 0.026291666666666665
1 0.4072265625 0.7777777777777778 0.009335937499999999 0.017458333333333333
1 0.4594765625 0.24718055555555554 0.0120546875 0.021847222222222223
1 0.564453125 0.5646666666666667 0.00809375 0.016291666666666666
1 0.50390625 0.6328194444444445 0.009296875 0.02022222222222222
1 0.42334375 0.5889722222222222 0.0086171875 0.014388888888888889
1 0.5122109375 0.7235277777777779 0.010249999999999999 0.041152777777777774
1 0.5239296875 0.47265277777777776 0.008125 0.01686111111111111
1 0.48168749999999994 0.45269444444444445 0.01428125 0.02423611111111111
0 0.46996874999999994 0.5182361111111111 0.004117187499999999 0.007875