1 0.115359375 0.4631111111111111 0.0154296875 0.01597222222222222
1 0.234375 0.22569444444444445 0.0138984375 0.019305555555555555
1 0.276859375 0.8524305555555556 0.0111171875 0.023333333333333334
1 0.3942890625 0.5182361111111111 0.010453125 0.021347222222222222
1 0.36712500000000003 0.7939166666666667 0.0126640625 0.02305555555555556
1 0.7530234375 0.5165 0.01834375 0.024055555555555556
1 0.33740625 0.49869444444444444 0.0161015625 0.018930555555555558
1 0.329734375 0.6888055555555556 0.013664062499999999 0.028152777777777777
1 0.3747578125 0.24066666666666667 0.0123828125 0.020944444444444446
1 0.3835703125 0.40365277777777775 0.0157109375 0.023416666666666665
1 0.3146953125 0.5980972222222222 0.0122890625 0.04131944444444444
1 0.345703125 0.5572916666666666 0.010906250000000001 0.020458333333333335
0 0.3552265625 0.6692777777777777 0.0045390625 0.00976388888888889