1 0.4731484375 0.407125 0.0111171875 0.04022222222222222
1 0.5263671875 0.19943055555555556 0.00803125 0.027208333333333334
1 0.59375 0.43706944444444445 0.015187500000000001 0.04131944444444444
1 0.2673359375 0.7170138888888888 0.0147890625 0.030305555555555554
1 0.3969765625 0.5412361111111111 0.009375 0.015069444444444444
1 0.44140625 0.7651944444444445 0.008640625 0.024430555555555556
1 0.3645 0.20540277777777777 0.011734375 0.028722222222222222
1 0.5043984375 0.7769166666666667 0.011875 0.03797222222222222
1 0.607421875 0.6974861111111111 0.012828125000000001 0.018291666666666668
1 0.43335156250000006 0.6215277777777778 0.0123359375 0.02201388888888889
1 0.1448984375 0.5538194444444444 0.0105703125 0.01597222222222222
1 0.48022656250000006 0.5177916666666667 0.0141171875 0.02359722222222222
0 0.3891640625 0.20616666666666666 0.004234375 0.008888888888888889