1 0.344484375 0.6401944444444444 0.0120546875 0.01865277777777778
1 0.2294921875 0.21636111111111112 0.014171875 0.016930555555555556
1 0.41284375000000006 0.3585138888888889 0.010609375 0.026486111111111113
1 0.0548125 0.523875 0.0177734375 0.02013888888888889
1 0.37378125 0.38780555555555557 0.015484375 0.02752777777777778
1 0.34134375 0.8243333333333334 0.01471875 0.018666666666666665
1 0.2163125 0.8589444444444445 0.012671874999999999 0.018361111111111113
1 0.7421875 0.5512222222222222 0.014499999999999999 0.02201388888888889
1 0.172484375 0.6397638888888889 0.0185390625 0.020458333333333335
1 0.335203125 0.6666666666666666 0.010906250000000001 0.017597222222222222
1 0.42358593750000006 0.5190972222222222 0.009125 0.017791666666666667
0 0.2004375 0.5021666666666667 0.0040703125 0.007694444444444445
1 0.2204609375 0.44705555555555554 0.0166640625 0.015791666666666666