1 0.71875 0.5538194444444444 0.009296875 0.015791666666666666
1 0.1579609375 0.484375 0.014226562500000001 0.019916666666666666
1 0.62159375 0.7549305555555554 0.014085937500000001 0.020833333333333332
1 0.953125 0.5911527777777777 0.0204453125 0.022097222222222223
1 0.8432656250000001 0.8589444444444445 0.0147890625 0.026694444444444444
1 0.7856484375 0.6749166666666666 0.010453125 0.01673611111111111
1 0.8515625 0.5672777777777778 0.0173046875 0.02013888888888889
0 0.783203125 0.6210972222222222 0.0045546875 0.007875
1 0.814453125 0.9288194444444444 0.01428125 0.024430555555555556
1 0.3906640625 0.24347222222222223 0.0106953125 0.021486111111111112
1 0.7021484375 0.4752638888888889 0.0158984375 0.025694444444444443
1 0.7102421875 0.5555833333333333 0.012453124999999999 0.01672222222222222
1 0.515484375 0.5501805555555556 0.010734375 0.021875