1 0.12365625 0.47352777777777777 0.013953125 0.018083333333333333
1 0.421875 0.8320277777777777 0.009859375 0.021347222222222222
1 0.433109375 0.453125 0.013328125 0.025097222222222222
1 0.3151875 0.8185833333333333 0.0121953125 0.020694444444444446
1 0.5391796875 0.6782638888888889 0.0208828125 0.0225
1 0.2691484375 0.26295833333333335 0.0162890625 0.018597222222222223
1 0.4658203125 0.5308194444444444 0.0110703125 0.02305555555555556
1 0.4724921875 0.7330416666666666 0.014890625 0.016180555555555556
1 0.4809609375 0.26519444444444445 0.0097421875 0.024333333333333332
1 0.5346484375 0.7840416666666666 0.0158359375 0.03290277777777778
1 0.5779609375 0.44204166666666667 0.0223125 0.022083333333333333
0 0.54571875 0.7868055555555555 0.004296875 0.008083333333333333
1 0.8127890624999999 0.5983333333333334 0.022132812499999998 0.022125