1 0.6770625 0.7373888888888889 0.013093750000000001 0.01852777777777778
1 0.7016640625 0.9001805555555555 0.0146171875 0.024611111111111108
1 0.828125 0.4320694444444444 0.0186953125 0.02315277777777778
1 0.8960000000000001 0.5447083333333333 0.021359375 0.022194444444444444
1 0.7308515625 0.6253472222222223 0.014781250000000001 0.019430555555555555
1 0.6569140625000001 0.4713611111111111 0.0144921875 0.022430555555555554
0 0.658203125 0.453125 0.0040859375 0.007638888888888889
1 0.42456250000000006 0.24740277777777778 0.008546874999999999 0.018791666666666665
1 0.1937265625 0.48004166666666664 0.014671875000000001 0.020388888888888887
1 0.7021484375 0.4557361111111111 0.011640625 0.026805555555555558
1 0.546875 0.40755555555555556 0.008515625 0.014680555555555556
1 0.7265625 0.444875 0.0136875 0.029625
1 0.8093125000000001 0.6941666666666667 0.0176484375 0.02672222222222222