1 0.505859375 0.48525 0.013953125 0.026486111111111113
1 0.64209375 0.65625 0.0120078125 0.034583333333333334
1 0.560546875 0.4105972222222222 0.0136875 0.027430555555555555
1 0.585453125 0.31272222222222223 0.010859375000000001 0.02061111111111111
1 0.703125 0.31380555555555556 0.0171796875 0.03173611111111111
1 0.7973671875 0.46875 0.01771875 0.04598611111111111
1 0.3212890625 0.2543472222222222 0.0183984375 0.03727777777777778
1 0.601078125 0.7100694444444444 0.0086171875 0.01865277777777778
1 0.6538125 0.5768194444444444 0.01353125 0.021680555555555554
1 0.486328125 0.29254166666666664 0.0098984375 0.02077777777777778
1 0.43562500000000004 0.23030555555555554 0.0085 0.017611111111111112
1 0.5454140625 0.8871527777777778 0.0082890625 0.03327777777777778
0 0.3010234375 0.2829861111111111 0.004921875 0.009277777777777777