1 0.8115234375 0.47352777777777777 0.0141171875 0.021597222222222223
1 0.5903359375 0.413625 0.014734375 0.02773611111111111
1 0.507328125 0.28450000000000003 0.0112421875 0.02323611111111111
1 0.6235390625 0.7079027777777778 0.009710937499999999 0.01648611111111111
1 0.6684609375 0.6484444444444445 0.0153671875 0.019305555555555555
1 0.7275390625 0.33702777777777776 0.014499999999999999 0.023972222222222225
1 0.5297890625 0.48047222222222224 0.0102890625 0.025
1 0.612796875 0.3200972222222222 0.008984375 0.018152777777777778
1 0.314453125 0.2723055555555556 0.015171875000000001 0.026819444444444444
1 0.4379921875 0.23198611111111112 0.0077578125 0.013166666666666667
1 0.6547890625 0.5763888888888888 0.012921875 0.022097222222222223
1 0.5556640625 0.8832500000000001 0.0135859375 0.029625
0 0.32325781249999996 0.26863888888888887 0.0047578125 0.009361111111111112