1 0.0733046875 0.5104166666666666 0.0186484375 0.021430555555555557
1 0.23010156249999997 0.4943611111111111 0.017515625 0.01923611111111111
1 0.591796875 0.5190972222222222 0.0148984375 0.021513888888888888
1 0.517578125 0.6809861111111111 0.0153671875 0.04172222222222222
1 0.48413281250000006 0.8776111111111111 0.010734375 0.036430555555555556
1 0.233890625 0.217125 0.013843749999999998 0.0315
1 0.285890625 0.8394166666666667 0.0155390625 0.022444444444444444
1 0.417484375 0.6922777777777778 0.0122890625 0.019680555555555555
1 0.24963281249999997 0.38911111111111113 0.011828125 0.01586111111111111
1 0.462890625 0.2680138888888889 0.015078125000000001 0.030083333333333333
0 0.4111328125 0.7035555555555556 0.0039296875 0.007847222222222222
1 0.79053125 0.5503472222222222 0.018375 0.024055555555555556
1 0.546015625 0.32479166666666665 0.011625 0.029305555555555557