1 0.234734375 0.21629166666666666 0.017296875 0.03236111111111111
1 0.0734140625 0.5119444444444444 0.024546875000000003 0.02427777777777778
1 0.23346874999999997 0.4868333333333333 0.0228828125 0.023625000000000004
1 0.2572421875 0.3864722222222222 0.023953125 0.025041666666666667
1 0.5509609375 0.3248333333333333 0.0152578125 0.0255
1 0.46467187499999996 0.26508333333333334 0.018351562499999998 0.03269444444444444
1 0.5964296874999999 0.5183888888888889 0.012992187499999999 0.025722222222222223
1 0.5233125000000001 0.6677638888888889 0.014781250000000001 0.02575
1 0.789453125 0.5492777777777778 0.0212265625 0.031069444444444445
1 0.41852343750000004 0.679375 0.013820312500000001 0.023555555555555555
0 0.41459375 0.6987083333333334 0.007531250000000001 0.013319444444444445
1 0.2886171875 0.838013888888889 0.0141484375 0.025083333333333332
1 0.4835859375 0.8670694444444444 0.014218749999999999 0.025055555555555553