1 0.23010156249999997 0.21843055555555557 0.0148984375 0.0185
1 0.168703125 0.6462638888888889 0.0179140625 0.01961111111111111
1 0.429203125 0.5190972222222222 0.0111171875 0.022444444444444444
1 0.05340625 0.5295138888888888 0.0219140625 0.03284722222222222
1 0.3403359375 0.6670972222222222 0.012968750000000001 0.01801388888888889
1 0.22692968750000003 0.4461805555555556 0.02096875 0.023333333333333334
0 0.192875 0.5325555555555556 0.0048125 0.008583333333333333
1 0.21276562499999999 0.86025 0.01615625 0.02126388888888889
1 0.73584375 0.5533888888888889 0.0192734375 0.024805555555555556
1 0.3735390625 0.38433333333333336 0.014953125000000001 0.02538888888888889
1 0.4145546875 0.3613333333333334 0.0082890625 0.02305555555555556
1 0.34375 0.6397638888888889 0.011328125 0.015194444444444444
1 0.3439921875 0.8185833333333333 0.0064375000000000005 0.022805555555555558