1 0.1240234375 0.4713611111111111 0.015187500000000001 0.022097222222222223
1 0.3889140625 0.23568055555555556 0.011554687499999999 0.02423611111111111
1 0.2814921875 0.8441805555555555 0.015078125000000001 0.02013888888888889
1 0.24401562499999999 0.2326388888888889 0.012968750000000001 0.022194444444444444
1 0.40003124999999995 0.48541666666666666 0.0145390625 0.018902777777777775
1 0.40688281249999997 0.7207083333333333 0.0163828125 0.0355
1 0.3774453125 0.5989583333333334 0.013125000000000001 0.02013888888888889
1 0.3466796875 0.6640694444444445 0.0105703125 0.018430555555555554
1 0.391359375 0.42773611111111115 0.014171875 0.025486111111111112
1 0.76171875 0.5503472222222222 0.018765625 0.022708333333333334
0 0.41775 0.7506944444444444 0.0048515625 0.00976388888888889
1 0.38268749999999996 0.7975277777777778 0.0094765625 0.022
1 0.41117187499999996 0.5087916666666666 0.014171875 0.022375