1 0.65771875 0.5772638888888889 0.0124296875 0.019083333333333334
1 0.8310546875 0.5056388888888889 0.01628125 0.022625
1 0.44116406250000006 0.25325000000000003 0.011734375 0.025291666666666667
1 0.5576171875 0.46615277777777775 0.011203125 0.02227777777777778
1 0.7543984375 0.3517777777777778 0.0159609375 0.02423611111111111
1 0.701171875 0.6419305555555556 0.0154296875 0.0185
1 0.6435546875 0.32719444444444445 0.0121953125 0.02475
1 0.6259765625 0.41927777777777775 0.0159609375 0.029486111111111112
1 0.6513671875 0.7178888888888889 0.0123828125 0.029833333333333333
1 0.52490625 0.31098611111111113 0.0073437500000000005 0.020944444444444446
1 0.28784375 0.38584722222222223 0.0103671875 0.020458333333333335
1 0.587890625 0.8884583333333335 0.0123359375 0.01976388888888889
0 0.40405468750000006 0.3012222222222222 0.0039609375 0.008013888888888888