1 0.13025 0.48306944444444444 0.0158984375 0.02061111111111111
0 0.828125 0.8563333333333333 0.0040546875 0.007069444444444444
1 0.650390625 0.8051250000000001 0.01159375 0.024333333333333332
1 0.6469765625 0.5525138888888889 0.0165859375 0.024708333333333332
1 0.3864765625 0.7374166666666667 0.013328125 0.034916666666666665
1 0.5122109375 0.8177083333333334 0.0147890625 0.03113888888888889
1 0.658203125 0.6154583333333333 0.014335937500000001 0.020541666666666666
1 0.3298359375 0.27018055555555553 0.009453125 0.016930555555555556
1 0.5297890625 0.47091666666666665 0.0147890625 0.028055555555555556
1 0.908203125 0.6306388888888889 0.0210078125 0.01916666666666667
1 0.7587890625 0.35633333333333334 0.0161015625 0.021111111111111112
1 0.8393593750000001 0.5876805555555555 0.01771875 0.03290277777777778
1 0.80859375 0.7052916666666667 0.0191171875 0.049972222222222216