1 0.54834375 0.3977916666666667 0.008671874999999999 0.01673611111111111
1 0.8046875 0.6909722222222222 0.014390625 0.019458333333333334
1 0.7006875 0.44054166666666666 0.011421875 0.02423611111111111
1 0.6762734375 0.7369861111111111 0.0109453125 0.01586111111111111
1 0.82421875 0.42295833333333327 0.015187500000000001 0.01865277777777778
1 0.8930703125000001 0.5447083333333333 0.0236015625 0.020694444444444446
1 0.64990625 0.46441666666666664 0.016523437499999998 0.025097222222222222
1 0.7231484375 0.6215277777777778 0.0171015625 0.021930555555555554
1 0.72265625 0.43641666666666673 0.015187500000000001 0.029833333333333333
0 0.6371015625 0.43120833333333336 0.0046328125 0.009847222222222222
1 0.1961640625 0.4791666666666667 0.013273437499999999 0.022708333333333334
1 0.4262734375 0.245875 0.00796875 0.016291666666666666
1 0.69678125 0.9001805555555555 0.01146875 0.02201388888888889