1 0.1591796875 0.48306944444444444 0.014453125 0.02022222222222222
1 0.72021875 0.5546944444444445 0.0072343749999999995 0.009652777777777777
1 0.8525390625 0.5629305555555556 0.015671875 0.018291666666666668
1 0.951171875 0.6293472222222222 0.02084375 0.026375
1 0.506875 0.5874583333333334 0.010953125 0.019319444444444445
1 0.7739296875 0.7135416666666666 0.0146171875 0.02786111111111111
0 0.8056640625 0.7430555555555556 0.004234375 0.007347222222222222
1 0.8369140625 0.9392361111111112 0.0145546875 0.025
1 0.6044921875 0.7530416666666667 0.01178125 0.012958333333333334
1 0.68115625 0.4878472222222222 0.0177734375 0.026375
1 0.8481484375000001 0.8984444444444445 0.018296875 0.027625
1 0.39078124999999997 0.24388888888888888 0.007593750000000001 0.02851388888888889
1 0.7096796875 0.5561111111111111 0.015187500000000001 0.017097222222222222