1 0.3923359375 0.42969444444444443 0.0140625 0.025694444444444443
1 0.1240234375 0.47265277777777776 0.0147890625 0.02086111111111111
1 0.3837890625 0.8007777777777777 0.0074609375000000006 0.017944444444444443
1 0.411625 0.5125833333333334 0.010007812500000001 0.019916666666666666
1 0.3911171875 0.23502777777777778 0.009125 0.02323611111111111
1 0.24474999999999997 0.2328611111111111 0.0121953125 0.021027777777777777
1 0.38403125 0.6033055555555555 0.0120546875 0.024430555555555556
1 0.281984375 0.8463611111111111 0.0167265625 0.026194444444444444
1 0.764796875 0.5554027777777778 0.0221875 0.023541666666666666
1 0.3501015625 0.6675416666666667 0.0124296875 0.01961111111111111
1 0.4151953125 0.7278055555555555 0.0131796875 0.03243055555555556
1 0.4028359375 0.48220833333333335 0.012968750000000001 0.021111111111111112
0 0.4229765625 0.7563888888888889 0.0049140625 0.009402777777777777