1 0.22985937500000003 0.217125 0.0146171875 0.01634722222222222
1 0.21569531249999999 0.4474861111111111 0.0130703125 0.014333333333333333
1 0.4204140625 0.5212638888888889 0.0140625 0.02077777777777778
1 0.374515625 0.38606944444444447 0.015078125000000001 0.026375
1 0.3439921875 0.6362916666666667 0.013484375000000002 0.023333333333333334
1 0.3325234375 0.6653611111111111 0.0140078125 0.01938888888888889
1 0.176046875 0.6361388888888888 0.0168828125 0.01961111111111111
1 0.060515624999999997 0.5160555555555556 0.0225078125 0.020458333333333335
1 0.22265625 0.859375 0.0161015625 0.020944444444444446
1 0.7426796875 0.5503472222222222 0.0212890625 0.021180555555555557
1 0.41015625 0.34765277777777776 0.0122890625 0.02297222222222222
0 0.20788281249999999 0.47265277777777776 0.004265625 0.00836111111111111
1 0.3410625 0.8259583333333335 0.007640625 0.013583333333333333