1 0.2396171875 0.22770833333333332 0.014710937499999998 0.02125
1 0.3305703125 0.6336805555555556 0.012968750000000001 0.028055555555555556
1 0.3872109375 0.41948611111111106 0.0140078125 0.02538888888888889
1 0.276859375 0.8467916666666667 0.010734375 0.021597222222222223
1 0.3813515625 0.23480555555555555 0.012625 0.027944444444444445
1 0.12268749999999999 0.4645138888888889 0.021492187500000003 0.021319444444444443
1 0.7568359375 0.5347222222222222 0.014671875000000001 0.021430555555555557
1 0.37621875 0.7964444444444445 0.009671875 0.02297222222222222
1 0.3725625 0.704 0.0136875 0.025875
1 0.4038125 0.5117222222222222 0.0147890625 0.024430555555555556
1 0.3754921875 0.4947916666666667 0.01009375 0.017
1 0.3598671875 0.5807361111111111 0.017640625 0.03090277777777778
0 0.3928203125 0.7243888888888889 0.004296875 0.009097222222222222