1 0.23620312499999999 0.22352777777777777 0.013843749999999998 0.020305555555555556
1 0.272703125 0.8515694444444445 0.0123828125 0.023333333333333334
1 0.3208046875 0.5894166666666667 0.015015625 0.022625
1 0.3024921875 0.4900138888888889 0.0137421875 0.02538888888888889
1 0.3598671875 0.8033888888888889 0.012484375 0.022194444444444444
1 0.3864765625 0.5186666666666666 0.010609375 0.021930555555555554
1 0.3747578125 0.26106944444444447 0.0112421875 0.027208333333333334
1 0.108765625 0.46094444444444443 0.0196875 0.025777777777777774
1 0.283203125 0.6762222222222222 0.013218750000000001 0.01673611111111111
1 0.3369140625 0.5390694444444445 0.0148984375 0.022347222222222223
1 0.7543984375 0.5121527777777778 0.0166640625 0.025777777777777774
1 0.3791484375 0.3886666666666666 0.0145546875 0.025
0 0.305796875 0.5044722222222222 0.005328125 0.00823611111111111