1 0.2587890625 0.3962638888888889 0.014335937500000001 0.027625
1 0.360109375 0.8506944444444444 0.009273437499999999 0.01901388888888889
1 0.21996875 0.20865277777777777 0.012921875 0.02711111111111111
1 0.47729687500000006 0.41427777777777774 0.007515625 0.01865277777777778
1 0.655765625 0.5616388888888889 0.011734375 0.01998611111111111
1 0.49682812500000006 0.21408333333333332 0.013632812499999999 0.03216666666666667
1 0.55225 0.8754305555555555 0.014226562500000001 0.029944444444444444
1 0.796390625 0.5607638888888888 0.022078125 0.023416666666666665
1 0.60303125 0.273875 0.011328125 0.024805555555555556
1 0.4399453125 0.6814305555555555 0.009859375 0.01801388888888889
1 0.084328125 0.5151944444444444 0.020921875 0.01904166666666667
0 0.5341796875 0.8485277777777779 0.00446875 0.008319444444444445
1 0.62634375 0.7556527777777778 0.0083984375 0.016694444444444442