1 0.7744140625 0.6501805555555555 0.0153671875 0.022805555555555558
1 0.6501406249999999 0.7618472222222222 0.0106484375 0.018055555555555554
1 0.40258593749999994 0.25043055555555555 0.00834375 0.020305555555555556
1 0.7243828125 0.5455833333333333 0.0149296875 0.017305555555555557
1 0.694828125 0.5494861111111111 0.012968750000000001 0.021430555555555557
1 0.8383828125000001 0.8029583333333333 0.0155390625 0.021111111111111112
1 0.53271875 0.5043472222222222 0.0094140625 0.021847222222222223
1 0.7441015625 0.45843055555555556 0.017890625 0.027000000000000003
1 0.161625 0.48394444444444445 0.013375000000000001 0.017388888888888888
1 0.849609375 0.5381944444444444 0.0179921875 0.03295833333333333
1 0.776859375 0.92275 0.016921875 0.022708333333333334
1 0.94140625 0.5499166666666666 0.02225 0.02022222222222222
0 0.75078125 0.47708333333333336 0.006203125 0.009680555555555555