1 0.1540546875 0.48525 0.0158359375 0.017319444444444446
1 0.46504687499999997 0.6713611111111111 0.0102890625 0.01788888888888889
1 0.3857421875 0.26258333333333334 0.0081875 0.02022222222222222
1 0.6059609375 0.5034722222222222 0.014226562500000001 0.02690277777777778
1 0.69678125 0.6380277777777777 0.0127265625 0.018430555555555554
1 0.7429296875 0.552625 0.017578125 0.017569444444444447
1 0.8598671875000001 0.9618055555555556 0.017515625 0.027000000000000003
1 0.8618203125000001 0.4934861111111111 0.0171796875 0.02022222222222222
1 0.736328125 0.7868888888888889 0.0124296875 0.026694444444444444
1 0.8916015625 0.8250833333333333 0.01953125 0.024333333333333332
1 0.9521484375 0.6367222222222222 0.025421875 0.016805555555555556
0 0.8515625 0.9375 0.004703125 0.008722222222222223
1 0.5830078125 0.8155416666666667 0.0064140625000000005 0.018083333333333333