1 0.45922656249999994 0.2465277777777778 0.00878125 0.020694444444444446
1 0.39965625 0.20756944444444442 0.0111171875 0.020458333333333335
1 0.5590859375 0.4244861111111111 0.012921875 0.022805555555555558
1 0.366140625 0.6295416666666667 0.013593749999999998 0.01875
1 0.45671875 0.7290277777777777 0.0120703125 0.020569444444444446
1 0.397953125 0.8441805555555555 0.0138984375 0.020944444444444446
1 0.4258515625 0.40422222222222226 0.01315625 0.01798611111111111
0 0.45434374999999994 0.7061666666666666 0.0041640625 0.008388888888888888
1 0.230703125 0.4958472222222222 0.018 0.02023611111111111
1 0.3505859375 0.523875 0.013328125 0.020458333333333335
1 0.22717187499999997 0.6896666666666667 0.014671875000000001 0.021930555555555554
1 0.5517578125 0.6584166666666667 0.010984375000000001 0.024055555555555556
1 0.392578125 0.5269166666666667 0.0145546875 0.024805555555555556