1 0.244875 0.8411527777777777 0.01428125 0.02297222222222222
1 0.55078125 0.492625 0.008984375 0.01865277777777778
1 0.396484375 0.7400138888888889 0.009671875 0.023500000000000004
1 0.48975 0.6870694444444444 0.0105703125 0.018083333333333333
1 0.2321796875 0.21669444444444447 0.0141171875 0.028375
1 0.513671875 0.33897222222222223 0.0151328125 0.025583333333333336
1 0.4594765625 0.8815138888888889 0.0103671875 0.011097222222222222
1 0.0713515625 0.5151944444444444 0.020921875 0.017597222222222222
1 0.44604687500000006 0.29536111111111113 0.01571875 0.03198611111111111
1 0.20275781249999997 0.538625 0.018476562499999998 0.024611111111111108
1 0.22521874999999997 0.41233333333333333 0.012234375 0.01984722222222222
1 0.8154296875 0.5486111111111112 0.0153046875 0.02086111111111111
0 0.288328125 0.7686666666666667 0.0035937499999999997 0.007472222222222222