0 0.4393359375 0.7741666666666667 0.006015625 0.008333333333333333
1 0.125125 0.477 0.016984375 0.025486111111111112
1 0.3696328125 0.6857638888888888 0.01628125 0.026194444444444444
1 0.2868671875 0.8454861111111112 0.012968750000000001 0.026486111111111113
1 0.39864062499999997 0.23368055555555556 0.0159609375 0.02415277777777778
1 0.2478046875 0.23676388888888888 0.013273437499999999 0.018152777777777778
1 0.3984375 0.4340277777777778 0.013273437499999999 0.026291666666666665
1 0.4056640625 0.6158194444444445 0.0167890625 0.018972222222222224
1 0.42457812500000003 0.47329166666666667 0.0150234375 0.022569444444444444
1 0.771125 0.5605277777777777 0.020023437499999998 0.022486111111111113
1 0.39021875 0.8040972222222222 0.0109453125 0.026694444444444444
1 0.4321328125 0.7565555555555556 0.018453125 0.02947222222222222
1 0.4160234375 0.5196666666666667 0.0112578125 0.019458333333333334