1 0.826171875 0.4305555555555556 0.017046875 0.025694444444444443
1 0.5493203125 0.407125 0.010453125 0.033416666666666664
1 0.8974609375 0.5416666666666666 0.019015625 0.02227777777777778
1 0.6999531250000001 0.8996111111111111 0.013796875 0.026416666666666665
1 0.677109375 0.7384166666666666 0.0131796875 0.01936111111111111
1 0.7016640625 0.44922222222222224 0.0109453125 0.01865277777777778
1 0.7290078125 0.6228333333333333 0.013273437499999999 0.02061111111111111
1 0.42553906250000006 0.24761111111111112 0.008515625 0.02077777777777778
1 0.724328125 0.44094444444444447 0.016578125 0.026666666666666665
1 0.8076171875 0.6922777777777778 0.017640625 0.022805555555555558
1 0.1957109375 0.48070833333333335 0.0171015625 0.02365277777777778
1 0.657640625 0.46623611111111113 0.012632812500000002 0.017875
0 0.6571484375 0.4517777777777777 0.0048203125 0.008736111111111111