1 0.6005859375 0.8967083333333333 0.011203125 0.03323611111111111
1 0.4521484375 0.6675416666666667 0.009375 0.021111111111111112
1 0.615234375 0.1890138888888889 0.01103125 0.02773611111111111
1 0.20837500000000003 0.174375 0.013796875 0.026694444444444444
1 0.67578125 0.5703194444444445 0.010249999999999999 0.021027777777777777
1 0.6611328125 0.7534722222222222 0.0112421875 0.03247222222222222
1 0.0863046875 0.48568055555555556 0.0206875 0.02126388888888889
1 0.4775390625 0.45702777777777776 0.007124999999999999 0.016416666666666666
1 0.2583046875 0.3428888888888889 0.01353125 0.02731944444444445
1 0.48999218750000006 0.16797222222222222 0.0155390625 0.03090277777777778
1 0.8344765625000001 0.5512222222222222 0.021328125 0.03125
0 0.6040078125 0.7174444444444443 0.0043124999999999995 0.008458333333333333
1 0.38671875 0.8611111111111112 0.01040625 0.021680555555555554