1 0.3765390625 0.3731111111111111 0.02090625 0.035611111111111114
1 0.41704687500000004 0.37129166666666663 0.012609375 0.024694444444444446
1 0.44028124999999996 0.5166805555555556 0.0106796875 0.020958333333333332
1 0.2303125 0.21837499999999999 0.0168125 0.021847222222222223
1 0.2197421875 0.4506666666666667 0.0161328125 0.022263888888888892
1 0.1510078125 0.6710972222222222 0.02584375 0.027541666666666666
1 0.3365546875 0.640375 0.015875 0.01926388888888889
1 0.372109375 0.674625 0.022125 0.024694444444444446
1 0.346734375 0.8151944444444446 0.0169765625 0.025652777777777778
1 0.1956796875 0.85975 0.0163828125 0.02377777777777778
1 0.0405625 0.5427638888888889 0.02215625 0.022347222222222223
1 0.7302890625 0.5482222222222223 0.017460937500000002 0.02609722222222222
0 0.1634453125 0.6545972222222223 0.007718750000000001 0.010097222222222221