1 0.43969531249999994 0.8315972222222222 0.01159375 0.022708333333333334
1 0.3239765625 0.8016527777777779 0.010906250000000001 0.024055555555555556
1 0.5712890625 0.7690972222222222 0.0145546875 0.023333333333333334
1 0.12432812499999998 0.4739583333333333 0.013273437499999999 0.02022222222222222
1 0.5999375 0.6888194444444444 0.013632812499999999 0.020277777777777777
1 0.8349609375 0.5902777777777778 0.018796874999999998 0.026291666666666665
1 0.44921875 0.4587638888888889 0.015601562499999999 0.023875
1 0.28003125 0.26975 0.0138984375 0.022347222222222223
1 0.515625 0.7283055555555555 0.0091953125 0.017388888888888888
1 0.5283203125 0.28341666666666665 0.0151328125 0.029944444444444444
1 0.647953125 0.4366388888888889 0.0185390625 0.018083333333333333
1 0.48217968750000006 0.52375 0.0138984375 0.025166666666666667
0 0.640140625 0.609375 0.0038984375 0.009569444444444445