1 0.5643203125 0.6708333333333333 0.0119765625 0.02684722222222222
1 0.43335156250000006 0.42079166666666673 0.0102890625 0.020388888888888887
1 0.5464765625 0.43593055555555554 0.012757812499999998 0.02313888888888889
1 0.39453125 0.21943055555555557 0.0137421875 0.03202777777777777
1 0.2347578125 0.7103194444444445 0.017499999999999998 0.026027777777777775
1 0.4072265625 0.5351527777777778 0.012671874999999999 0.026694444444444444
1 0.3598828125 0.5453611111111112 0.01803125 0.022625
1 0.40771875 0.8420138888888888 0.010249999999999999 0.0185
1 0.47265625 0.25498611111111114 0.008953125000000001 0.024805555555555556
1 0.4672890625 0.7222222222222222 0.0121015625 0.023416666666666665
1 0.22438281249999997 0.5164861111111111 0.0164375 0.02101388888888889
1 0.3829140625 0.6421805555555555 0.011617187499999999 0.022166666666666668
0 0.4771875 0.7150416666666667 0.005890625 0.01336111111111111