1 0.2301875 0.2202638888888889 0.0158984375 0.02272222222222222
1 0.3968203125 0.8247500000000001 0.017140625 0.02773611111111111
1 0.16271875 0.8190138888888889 0.01628125 0.01984722222222222
1 0.040531250000000005 0.555125 0.022796875 0.01976388888888889
1 0.19909375 0.42338888888888887 0.014453125 0.017
1 0.4892578125 0.5013055555555556 0.0087109375 0.02126388888888889
1 0.45459375 0.31793055555555555 0.0105703125 0.025291666666666667
1 0.44214062500000006 0.6705694444444444 0.0123359375 0.023875
0 0.1057890625 0.611625 0.00475 0.009041666666666667
1 0.4008828125 0.32379166666666664 0.014335937500000001 0.026486111111111113
1 0.7685078125 0.5332638888888889 0.0230625 0.02288888888888889
1 0.110109375 0.5905 0.02271875 0.02448611111111111
1 0.366453125 0.6779583333333333 0.010609375 0.01801388888888889