1 0.42456250000000006 0.6675416666666667 0.0140078125 0.023500000000000004
1 0.167234375 0.8372361111111111 0.017578125 0.026694444444444444
1 0.4664140625 0.5033888888888889 0.013960937500000001 0.020388888888888887
1 0.0824453125 0.6442083333333333 0.014734375 0.025152777777777777
1 0.3876953125 0.336375 0.0155390625 0.029736111111111112
1 0.43774218749999994 0.34397222222222223 0.01146875 0.028152777777777777
1 0.3498515625 0.6618888888888889 0.010132812500000001 0.01952777777777778
1 0.22936718749999999 0.22156944444444446 0.012773437500000002 0.018152777777777778
1 0.18640625 0.42670833333333336 0.012531249999999999 0.027875
1 0.3798828125 0.8194444444444444 0.013953125 0.021430555555555557
1 0.031796875 0.5768194444444444 0.0197890625 0.021597222222222223
1 0.7504921875 0.5316805555555556 0.017515625 0.022097222222222223
0 0.0919453125 0.6542083333333333 0.0055625 0.011277777777777777