1 0.9521484375 0.6349861111111111 0.025757812499999998 0.01822222222222222
1 0.7368203125 0.7868888888888889 0.013843749999999998 0.02297222222222222
1 0.8637734375000001 0.49695833333333334 0.018265625 0.01865277777777778
1 0.8891640625000001 0.8272638888888889 0.0171015625 0.021027777777777777
1 0.390140625 0.2638888888888889 0.01040625 0.022444444444444444
1 0.7407265625 0.5564305555555555 0.0140625 0.020694444444444446
1 0.15490625 0.4835138888888889 0.0148984375 0.019458333333333334
1 0.5830078125 0.8159722222222222 0.0063437499999999996 0.017597222222222222
1 0.6977578125 0.63325 0.01159375 0.01901388888888889
1 0.8564453125 0.9583333333333334 0.016984375 0.02297222222222222
1 0.4703203125 0.6654444444444445 0.0110390625 0.026791666666666665
1 0.611328125 0.5047777777777778 0.015015625 0.028722222222222222
0 0.8491250000000001 0.9357638888888888 0.0054453125 0.009027777777777777