1 0.2300859375 0.21862499999999999 0.0146484375 0.018416666666666668
1 0.1734609375 0.8502638888888889 0.0171796875 0.03159722222222222
1 0.3408203125 0.6525833333333334 0.014226562500000001 0.019208333333333334
1 0.0876171875 0.6743750000000001 0.013171875 0.026666666666666665
1 0.3830546875 0.3454861111111111 0.015187500000000001 0.029944444444444444
0 0.09666406250000001 0.6817777777777778 0.0052812499999999995 0.009430555555555555
1 0.7446328125 0.5329861111111112 0.015484375 0.020388888888888887
1 0.36840625 0.8168472222222222 0.011640625 0.018083333333333333
1 0.41772656250000006 0.6679722222222222 0.011875 0.022805555555555558
1 0.1903046875 0.4431388888888889 0.0165859375 0.023500000000000004
1 0.4282265625 0.35829166666666673 0.0087109375 0.022708333333333334
1 0.029867187499999996 0.5700416666666667 0.020171875 0.024069444444444442
1 0.45434374999999994 0.5069444444444444 0.012625 0.024055555555555556