1 0.2581015625 0.35047222222222224 0.014656250000000001 0.02201388888888889
1 0.085671875 0.4862777777777778 0.02278125 0.02526388888888889
1 0.2098671875 0.174 0.016835937500000002 0.028236111111111108
1 0.49243750000000003 0.17505555555555558 0.0174296875 0.03880555555555556
1 0.47896875000000005 0.4512222222222222 0.0095078125 0.020666666666666667
1 0.6737265625 0.5699305555555556 0.011414062499999999 0.024513888888888887
1 0.4553671875 0.6756111111111112 0.01225 0.025069444444444446
1 0.38654687499999996 0.8571527777777778 0.0123828125 0.024444444444444446
1 0.64659375 0.7512222222222222 0.0172578125 0.026361111111111113
1 0.59815625 0.8882083333333333 0.0139140625 0.028666666666666667
1 0.6130546875 0.19844444444444445 0.0111328125 0.034180555555555554
1 0.8298828125 0.5567777777777778 0.0172578125 0.02640277777777778
0 0.6201875 0.7328055555555556 0.0057578125 0.010291666666666668