1 0.44140625 0.25304166666666666 0.01159375 0.024708333333333332
0 0.40405468750000006 0.30143055555555553 0.0038984375 0.007694444444444445
1 0.6259765625 0.41927777777777775 0.0155390625 0.029375
1 0.7055703125 0.6458333333333334 0.0082890625 0.016805555555555556
1 0.8310546875 0.5060833333333333 0.01628125 0.022347222222222223
1 0.658203125 0.5772638888888889 0.0122890625 0.019083333333333334
1 0.7543984375 0.3517777777777778 0.0159609375 0.024055555555555556
1 0.52490625 0.3114166666666667 0.0072890625 0.021027777777777777
1 0.5576171875 0.46615277777777775 0.0110703125 0.022194444444444444
1 0.6508828125 0.7139722222222221 0.0123828125 0.021180555555555557
1 0.6435546875 0.32855555555555555 0.0108203125 0.02297222222222222
1 0.5883828125 0.8923611111111112 0.0135859375 0.028722222222222222
1 0.2888203125 0.38672222222222224 0.0122890625 0.02538888888888889