1 0.602046875 0.7563888888888889 0.009710937499999999 0.01952777777777778
1 0.1572265625 0.48394444444444445 0.0161015625 0.01865277777777778
1 0.76171875 0.7365416666666665 0.0171796875 0.02359722222222222
1 0.709765625 0.5568611111111111 0.0137421875 0.01822222222222222
1 0.672015625 0.49418055555555557 0.0195625 0.0275
1 0.8544921875 0.5611944444444444 0.019609375000000002 0.021180555555555557
1 0.390625 0.24522222222222223 0.0091640625 0.01952777777777778
1 0.9487343750000001 0.6328194444444445 0.0232421875 0.018930555555555558
1 0.8559609375000001 0.9036527777777777 0.01525 0.02538888888888889
1 0.505375 0.6006944444444444 0.013125000000000001 0.02711111111111111
1 0.8432656250000001 0.9418472222222222 0.01578125 0.022708333333333334
0 0.8168984375000001 0.8016527777777779 0.0041328125 0.007875
1 0.7205078125 0.5539305555555555 0.01015625 0.014083333333333335