1 0.8901406250000001 0.7682361111111111 0.01640625 0.022875
1 0.367921875 0.2690972222222222 0.010781250000000001 0.022527777777777775
1 0.1539296875 0.4869861111111111 0.0193515625 0.016666666666666666
1 0.56396875 0.8250833333333333 0.010734375 0.020069444444444442
1 0.43335156250000006 0.7035555555555556 0.0112421875 0.021847222222222223
1 0.70459375 0.803375 0.01353125 0.02073611111111111
1 0.9501953125 0.6362916666666667 0.025515624999999997 0.018361111111111113
1 0.697265625 0.6506111111111111 0.011734375 0.021680555555555554
1 0.8408203125 0.44834722222222223 0.0179921875 0.021513888888888888
1 0.57421875 0.48480555555555555 0.014835937499999998 0.021597222222222223
1 0.737796875 0.5603888888888889 0.0183984375 0.021833333333333333
1 0.8717499999999999 0.9523194444444444 0.014593749999999999 0.019194444444444445
0 0.8598750000000001 0.947388888888889 0.0052890624999999995 0.0085