1 0.44020312500000003 0.23495833333333332 0.009882812500000001 0.018152777777777778
1 0.5989296875 0.6518611111111111 0.0124453125 0.01788888888888889
1 0.5400390625 0.32334722222222223 0.010609375 0.02305555555555556
1 0.571609375 0.7212638888888888 0.012757812499999998 0.024263888888888887
1 0.44067187499999994 0.3307361111111111 0.009015625 0.02175
1 0.7735624999999999 0.4890277777777778 0.016273437499999998 0.022208333333333333
1 0.5141640625 0.407125 0.0155390625 0.029486111111111112
1 0.6611328125 0.2753888888888889 0.0134296875 0.023875
1 0.6591796875 0.5759583333333333 0.0166640625 0.019458333333333334
1 0.4614296875 0.4982638888888889 0.0078125 0.013625
1 0.5078125 0.875875 0.015015625 0.03677777777777778
1 0.3335 0.3769583333333334 0.011328125 0.029625
0 0.3432890625 0.3812361111111111 0.00540625 0.009027777777777777