1 0.5766640625 0.25498611111111114 0.013273437499999999 0.02731944444444445
1 0.3974609375 0.34700000000000003 0.011421875 0.023333333333333334
1 0.5947265625 0.5342916666666666 0.0097421875 0.01984722222222222
1 0.43209375000000005 0.8013194444444445 0.01475 0.026125
0 0.5102578125 0.6236944444444444 0.004179687499999999 0.007847222222222222
1 0.5101328125 0.7229583333333333 0.01328125 0.021847222222222223
1 0.5415078125 0.4466111111111111 0.010453125 0.021597222222222223
1 0.447265625 0.5894166666666667 0.0088515625 0.020458333333333335
1 0.517578125 0.6566805555555556 0.012867187499999998 0.02826388888888889
1 0.4580078125 0.24891666666666667 0.0106953125 0.017458333333333333
1 0.449125 0.36109722222222224 0.0123046875 0.027375
1 0.7153359375 0.5998333333333333 0.018296875 0.02297222222222222
1 0.4770546875 0.45095833333333335 0.014453125 0.029055555555555557