1 0.44067187499999994 0.2369861111111111 0.009234375 0.01822222222222222
1 0.56878125 0.7205138888888889 0.012578125 0.022916666666666665
1 0.46010937500000004 0.5024444444444445 0.010132812500000001 0.022069444444444444
1 0.43823437500000006 0.33311111111111114 0.0088515625 0.023500000000000004
1 0.5131875 0.40755555555555556 0.01428125 0.028152777777777777
1 0.507328125 0.8667777777777779 0.0136875 0.02266666666666667
1 0.3377734375 0.3772083333333333 0.0154140625 0.026083333333333333
1 0.59765625 0.6510416666666666 0.0074609375000000006 0.016291666666666666
1 0.772953125 0.492625 0.0161015625 0.02369444444444444
1 0.659671875 0.5750833333333334 0.01628125 0.01801388888888889
1 0.66015625 0.2714861111111111 0.0110703125 0.026194444444444444
1 0.539109375 0.31969444444444445 0.0131953125 0.021513888888888888
0 0.3476328125 0.385 0.0039921875 0.007388888888888889