1 0.3544921875 0.5334166666666667 0.009929687500000001 0.022875
1 0.3735390625 0.6354166666666666 0.0087421875 0.01961111111111111
1 0.3989296875 0.2153888888888889 0.0127265625 0.02359722222222222
1 0.5537109375 0.4285972222222222 0.011289062499999999 0.02359722222222222
1 0.4663125 0.254125 0.009273437499999999 0.025486111111111112
1 0.429203125 0.4099444444444445 0.009710937499999999 0.018361111111111113
1 0.5576171875 0.6675416666666667 0.0123359375 0.017
1 0.2243671875 0.507375 0.010906250000000001 0.016805555555555556
1 0.401859375 0.8441805555555555 0.0094140625 0.021430555555555557
1 0.2302265625 0.7044305555555556 0.013796875 0.017722222222222223
1 0.39990625 0.5308194444444444 0.013171875 0.025486111111111112
1 0.46117968749999994 0.7317777777777777 0.012625 0.033416666666666664
0 0.46484375 0.7170138888888888 0.0046484375 0.008555555555555556