1 0.41830468749999994 0.31612500000000004 0.0181796875 0.02959722222222222
1 0.47021875 0.32095833333333335 0.008546874999999999 0.022527777777777775
1 0.4594765625 0.6849027777777777 0.0109453125 0.027944444444444445
1 0.05697656250000001 0.555125 0.0197109375 0.026375
1 0.1840859375 0.8059861111111111 0.0173046875 0.022444444444444444
1 0.5083046875 0.5 0.0135859375 0.03290277777777778
1 0.41723437499999994 0.8511249999999999 0.0121015625 0.03347222222222222
1 0.7890625 0.5460138888888889 0.0244296875 0.042180555555555554
1 0.146609375 0.5685833333333333 0.0116875 0.019680555555555555
1 0.2133828125 0.43120833333333336 0.016523437499999998 0.02013888888888889
1 0.38196875 0.6931944444444444 0.01146875 0.01886111111111111
1 0.231296875 0.21961111111111112 0.018687500000000003 0.020874999999999998
0 0.14578125 0.6067777777777777 0.005640625 0.010291666666666668