1 0.5380859375 0.27279166666666665 0.0103671875 0.02315277777777778
1 0.5629921875 0.5629305555555556 0.0082890625 0.018791666666666665
1 0.40893750000000006 0.7608472222222221 0.0108203125 0.020944444444444446
1 0.45824999999999994 0.24718055555555554 0.0134296875 0.026694444444444444
1 0.4790078125 0.4513888888888889 0.013953125 0.026291666666666665
1 0.44604687500000006 0.43727777777777777 0.01053125 0.01923611111111111
1 0.505375 0.6080694444444444 0.0084765625 0.020458333333333335
1 0.64990625 0.5117222222222222 0.0123359375 0.022097222222222223
1 0.3566875 0.3786944444444445 0.010781250000000001 0.016291666666666666
1 0.4853515625 0.6809861111111111 0.008375 0.020458333333333335
1 0.46410937499999994 0.5286527777777777 0.0102890625 0.01961111111111111
1 0.42944531250000006 0.5451388888888888 0.008375 0.019458333333333334
0 0.43823437500000006 0.5967916666666666 0.004234375 0.008819444444444444