1 0.521484375 0.4934861111111111 0.010906250000000001 0.01938888888888889
1 0.46850781250000006 0.6849027777777777 0.012968750000000001 0.020458333333333335
1 0.4287109375 0.3116388888888889 0.0155390625 0.029625
1 0.43139843750000006 0.8667499999999999 0.012148437500000001 0.03198611111111111
1 0.385984375 0.7122361111111111 0.0108203125 0.02377777777777778
1 0.0667109375 0.5520833333333334 0.018265625 0.017194444444444446
1 0.1729765625 0.5616388888888889 0.0174375 0.017597222222222222
1 0.23021875 0.216625 0.016625 0.019791666666666666
1 0.2197265625 0.43468055555555557 0.0159609375 0.025875
1 0.80859375 0.5408055555555555 0.01578125 0.021347222222222222
0 0.20739843750000003 0.7517361111111112 0.004234375 0.008680555555555556
1 0.20764062499999997 0.8003472222222222 0.016984375 0.03309722222222222
1 0.48315625000000006 0.3339861111111111 0.011960937500000001 0.023500000000000004