1 0.669359375 0.590875 0.01453125 0.022083333333333333
1 0.3669453125 0.32356944444444447 0.008515625 0.017194444444444446
1 0.5145 0.733375 0.007453125 0.021402777777777778
1 0.536625 0.25608333333333333 0.009710937499999999 0.023333333333333334
1 0.4555703125 0.2506527777777778 0.013375000000000001 0.026083333333333333
1 0.42114062499999994 0.5954861111111112 0.008640625 0.021430555555555557
1 0.43774218749999994 0.40581944444444445 0.009296875 0.016666666666666666
1 0.4970703125 0.632375 0.008375 0.019916666666666666
1 0.564453125 0.5664027777777778 0.008921875 0.017125
1 0.5239296875 0.46744444444444444 0.009375 0.016027777777777776
1 0.4770546875 0.4522638888888889 0.0130703125 0.024527777777777777
1 0.3994140625 0.8064305555555555 0.0094140625 0.01311111111111111
0 0.4711953125 0.5316805555555556 0.0041015625 0.007402777777777778