1 0.49585156250000006 0.18544444444444447 0.0155390625 0.03276388888888889
1 0.8212890625 0.5625 0.0164609375 0.022625
1 0.21399218750000001 0.19 0.0159609375 0.025
1 0.48046875 0.4411944444444445 0.009296875 0.02305555555555556
1 0.45971875000000006 0.6914027777777778 0.0091640625 0.021111111111111112
1 0.61084375 0.22395833333333334 0.0111171875 0.026194444444444444
1 0.259765625 0.36241666666666666 0.0151328125 0.022347222222222223
1 0.383546875 0.8480972222222222 0.0100546875 0.02126388888888889
1 0.6357421875 0.7586805555555556 0.009820312500000001 0.017263888888888888
0 0.597171875 0.8020833333333334 0.0045234375 0.008486111111111111
1 0.6708984375 0.5711805555555556 0.01146875 0.020069444444444442
1 0.5922890625 0.8828194444444445 0.0116875 0.02175
1 0.08252343749999999 0.49219444444444443 0.0184296875 0.02415277777777778