1 0.2763671875 0.8463611111111111 0.0112421875 0.021180555555555557
1 0.37890625 0.7964444444444445 0.00815625 0.01865277777777778
1 0.12158593749999999 0.46570833333333334 0.017515625 0.01865277777777778
1 0.3342265625 0.6440972222222222 0.0127265625 0.024333333333333332
1 0.4038125 0.5130277777777777 0.0141171875 0.021027777777777777
1 0.383546875 0.4943611111111111 0.010734375 0.02359722222222222
1 0.3635234375 0.5833333333333334 0.013375000000000001 0.021597222222222223
1 0.3837890625 0.2345972222222222 0.013843749999999998 0.02690277777777778
1 0.23986718749999997 0.22916666666666666 0.0130703125 0.02297222222222222
1 0.3879375 0.42144444444444445 0.0140078125 0.024902777777777777
1 0.379640625 0.7065972222222222 0.018875 0.025291666666666667
1 0.7578125 0.5416666666666666 0.0161015625 0.018583333333333334
0 0.3989296875 0.7301944444444445 0.0059765625 0.011444444444444445