0 0.5891015625 0.7194583333333333 0.004578125000000001 0.0095
1 0.5707578125 0.6865 0.015703125000000002 0.02251388888888889
1 0.61328125 0.44095833333333334 0.013843749999999998 0.017152777777777777
1 0.49389843750000006 0.7317777777777777 0.009601562499999999 0.014333333333333333
1 0.2724609375 0.2673611111111111 0.012773437500000002 0.02538888888888889
1 0.3203125 0.8099027777777777 0.011554687499999999 0.01952777777777778
1 0.4418984375 0.4548611111111111 0.0121953125 0.02786111111111111
1 0.503421875 0.27452777777777776 0.012968750000000001 0.02423611111111111
1 0.12365625 0.47352777777777777 0.0125703125 0.01916666666666667
1 0.5551796875 0.7799444444444443 0.013023437500000002 0.029486111111111112
1 0.4736328125 0.5243055555555556 0.0083125 0.017194444444444446
1 0.4301796875 0.8307361111111111 0.011828125 0.02086111111111111
1 0.8271484375 0.5933194444444444 0.0140625 0.024333333333333332