1 0.5981484375 0.6506111111111111 0.0124296875 0.016027777777777776
1 0.43871874999999994 0.2378472222222222 0.010007812500000001 0.026375
1 0.5746640625 0.7199861111111111 0.009156250000000001 0.022222222222222223
1 0.46264843750000006 0.49609722222222224 0.007171874999999999 0.015361111111111112
1 0.32690625 0.36913888888888885 0.0082890625 0.020458333333333335
1 0.5146484375 0.4079861111111111 0.0158984375 0.029833333333333333
1 0.50959375 0.8709722222222223 0.0137734375 0.027222222222222224
1 0.44425781249999996 0.33005555555555555 0.012531249999999999 0.018069444444444444
0 0.33740625 0.37781944444444443 0.005 0.01038888888888889
1 0.542484375 0.319875 0.0076953125 0.014611111111111111
1 0.6586953125 0.5772638888888889 0.0151328125 0.01923611111111111
1 0.7727031249999999 0.4883194444444444 0.018687500000000003 0.022833333333333334
1 0.6626015625 0.2777777777777778 0.013632812499999999 0.023972222222222225