1 0.4375 0.41427777777777774 0.010007812500000001 0.01586111111111111
1 0.4577890625 0.24856944444444445 0.017695312499999998 0.02415277777777778
1 0.53515625 0.27626388888888886 0.0102890625 0.02359722222222222
1 0.659671875 0.586375 0.0102890625 0.021513888888888888
1 0.47680468749999994 0.4522638888888889 0.014671875000000001 0.023875
1 0.401859375 0.7795138888888888 0.0124296875 0.01976388888888889
1 0.3645 0.33116666666666666 0.0106953125 0.014166666666666666
1 0.51171875 0.7274305555555556 0.0088125 0.026083333333333333
1 0.5615234375 0.5607638888888888 0.00790625 0.025291666666666667
1 0.521484375 0.47352777777777777 0.007062499999999999 0.02077777777777778
1 0.5009765625 0.6297777777777778 0.008125 0.018722222222222223
1 0.42114062499999994 0.594625 0.008375 0.018791666666666665
0 0.46703906249999994 0.5186666666666666 0.004328125 0.008291666666666666