1 0.033328125 0.5607638888888888 0.018234375 0.01901388888888889
1 0.22936718749999999 0.21843055555555557 0.013484375000000002 0.01916666666666667
1 0.40844531249999994 0.6779583333333333 0.0164609375 0.020069444444444442
1 0.1826171875 0.8585138888888889 0.0158984375 0.017944444444444443
1 0.1120078125 0.6816666666666666 0.0141875 0.019083333333333334
1 0.44553906249999997 0.5111111111111111 0.017328125 0.02263888888888889
1 0.42334375 0.3680555555555556 0.009929687500000001 0.022527777777777775
1 0.3779296875 0.35547222222222224 0.015484375 0.028833333333333336
1 0.3598671875 0.8138055555555557 0.0119140625 0.02359722222222222
1 0.33325 0.6427916666666667 0.010734375 0.01923611111111111
1 0.7371171875 0.5408333333333333 0.0166640625 0.02386111111111111
1 0.2029296875 0.4511666666666666 0.0182578125 0.021736111111111112
0 0.12903125 0.6822916666666666 0.00446875 0.008125