1 0.7641640625 0.6601527777777778 0.0155390625 0.021430555555555557
1 0.6764921875 0.7384166666666666 0.014640624999999999 0.022152777777777778
1 0.7993203125 0.3819444444444444 0.014953125000000001 0.02077777777777778
1 0.6865078125 0.3760277777777778 0.01228125 0.018208333333333333
1 0.43578906249999994 0.24675 0.0070078125 0.01622222222222222
1 0.60303125 0.43772222222222223 0.0127265625 0.020458333333333335
1 0.694828125 0.601125 0.0151328125 0.017069444444444443
1 0.23742968750000001 0.4461805555555556 0.012531249999999999 0.020944444444444446
1 0.8671875 0.5512222222222222 0.0236484375 0.02297222222222222
1 0.69140625 0.4318611111111111 0.016921875 0.030194444444444444
1 0.5650703125 0.3236805555555556 0.0085078125 0.01904166666666667
0 0.5640859375 0.3394027777777778 0.0050546875 0.009222222222222222
1 0.6548671875000001 0.8889861111111111 0.013023437500000002 0.02551388888888889