1 0.45725781249999997 0.2492916666666667 0.014359374999999999 0.02318055555555556
1 0.51171875 0.7235277777777779 0.007171874999999999 0.017527777777777778
1 0.3657265625 0.3298611111111111 0.0102109375 0.017125
0 0.46655468750000006 0.5204027777777778 0.004117187499999999 0.007819444444444445
1 0.5610390625 0.5646666666666667 0.007664062500000001 0.019916666666666666
1 0.5004921875 0.6297777777777778 0.008640625 0.018430555555555554
1 0.4208984375 0.594625 0.0086171875 0.01998611111111111
1 0.534671875 0.27647222222222223 0.010453125 0.023500000000000004
1 0.40160937499999994 0.7808194444444445 0.0125703125 0.021513888888888888
1 0.437015625 0.41384722222222226 0.009273437499999999 0.014333333333333333
1 0.66015625 0.5885416666666666 0.011164062499999999 0.028833333333333336
1 0.47680468749999994 0.45181944444444444 0.014390625 0.023972222222222225
1 0.521 0.47352777777777777 0.006929687499999999 0.021180555555555557