1 0.2320390625 0.21338888888888888 0.014171875 0.02634722222222222
1 0.5052265625000001 0.6752222222222223 0.0129140625 0.022708333333333334
1 0.268796875 0.8441805555555555 0.0146171875 0.03276388888888889
1 0.4790078125 0.8849861111111111 0.0111171875 0.02752777777777778
1 0.21789843750000001 0.5151944444444444 0.0191953125 0.022708333333333334
1 0.533203125 0.3337638888888889 0.013218750000000001 0.024055555555555556
1 0.4067421875 0.7248333333333333 0.017640625 0.028944444444444443
0 0.3860234375 0.7204444444444444 0.00459375 0.008930555555555554
1 0.573734375 0.5052083333333334 0.008515625 0.021430555555555557
1 0.07159375 0.5069444444444444 0.018187500000000002 0.01998611111111111
1 0.456546875 0.28081944444444445 0.01525 0.03090277777777778
1 0.235828125 0.3958611111111111 0.0203359375 0.018583333333333334
1 0.8002968750000001 0.555125 0.0199921875 0.028833333333333336