1 0.5200234375 0.25455555555555553 0.010984375000000001 0.023875
1 0.46850781250000006 0.7621527777777778 0.013632812499999999 0.021430555555555557
1 0.4328359375 0.6118888888888889 0.011820312500000001 0.01998611111111111
1 0.3923359375 0.5824722222222222 0.0086171875 0.01923611111111111
1 0.274171875 0.719625 0.0134296875 0.026291666666666665
1 0.366453125 0.26302777777777775 0.014226562500000001 0.022194444444444444
1 0.4619140625 0.5377638888888889 0.014171875 0.026486111111111113
1 0.19153125 0.5724861111111111 0.012234375 0.014444444444444446
1 0.583984375 0.4411944444444445 0.010328125 0.022805555555555558
1 0.564453125 0.6805555555555556 0.01428125 0.024055555555555556
1 0.4868203125 0.40929166666666666 0.01040625 0.023333333333333334
1 0.44510937500000003 0.8673333333333334 0.010484375 0.026055555555555557
0 0.49731249999999994 0.4145 0.0048828125 0.009319444444444444