1 0.1545390625 0.48525 0.01634375 0.018583333333333334
1 0.7368203125 0.7873333333333333 0.013484375000000002 0.024333333333333332
1 0.697265625 0.6345555555555555 0.01159375 0.01591666666666667
1 0.9526406250000001 0.6367222222222222 0.026765624999999998 0.01801388888888889
1 0.7407265625 0.5564305555555555 0.012671874999999999 0.016805555555555556
1 0.8627968750000001 0.4965277777777778 0.0173046875 0.01916666666666667
1 0.89 0.823388888888889 0.020710937500000002 0.022097222222222223
0 0.8501015625000001 0.9366388888888889 0.0051796875 0.008416666666666666
1 0.3889140625 0.2604166666666667 0.009453125 0.01923611111111111
1 0.8583984375 0.9600694444444444 0.01640625 0.024333333333333332
1 0.608890625 0.5043472222222222 0.014835937499999998 0.027430555555555555
1 0.58378125 0.8182638888888889 0.007726562500000001 0.019625
1 0.46753125000000006 0.6692777777777777 0.0091640625 0.017527777777777778