1 0.718265625 0.5533888888888889 0.0084140625 0.014611111111111111
1 0.61475 0.7547777777777779 0.0108203125 0.018791666666666665
1 0.783203125 0.688375 0.014953125000000001 0.018152777777777778
1 0.8413125000000001 0.8797777777777779 0.017046875 0.024527777777777777
1 0.6917265625 0.4799722222222222 0.019046874999999998 0.022930555555555558
1 0.15746875 0.48480555555555555 0.0158984375 0.021180555555555557
0 0.7915078125 0.6670972222222222 0.004828125 0.008791666666666666
1 0.8515625 0.5677083333333334 0.01678125 0.018361111111111113
1 0.51171875 0.5677083333333334 0.0097421875 0.026083333333333333
1 0.3896484375 0.23872222222222222 0.00784375 0.01622222222222222
1 0.8217812500000001 0.9349027777777777 0.017578125 0.02227777777777778
1 0.9506875000000001 0.6050416666666667 0.0191171875 0.04459722222222222
1 0.7095234375 0.5557916666666667 0.0131953125 0.01840277777777778