1 0.457921875 0.45149999999999996 0.0129609375 0.028805555555555553
1 0.56640625 0.4600277777777778 0.0151171875 0.02773611111111111
1 0.3762578125 0.2536111111111111 0.013984374999999999 0.026680555555555558
1 0.3857421875 0.5768194444444444 0.0120546875 0.01801388888888889
1 0.42016406249999994 0.6362916666666667 0.009125 0.01901388888888889
1 0.5030859375000001 0.26675 0.013171875 0.027430555555555555
1 0.4521484375 0.7595555555555555 0.009820312500000001 0.02377777777777778
1 0.259765625 0.7339444444444445 0.0138984375 0.018930555555555558
1 0.5615234375 0.6558194444444444 0.017046875 0.024527777777777777
1 0.4423828125 0.5403611111111111 0.013328125 0.02690277777777778
1 0.21325781250000003 0.5572916666666666 0.01640625 0.01998611111111111
1 0.4306640625 0.8467916666666667 0.010984375000000001 0.026375
0 0.5444375 0.5755277777777777 0.004265625 0.008263888888888888