1 0.39721875 0.34744444444444444 0.011164062499999999 0.022527777777777775
1 0.60546875 0.5290833333333333 0.012148437500000001 0.018291666666666668
1 0.5272187500000001 0.6640138888888889 0.015437500000000002 0.017958333333333333
1 0.5869140625 0.25955555555555554 0.013328125 0.024611111111111108
1 0.4418984375 0.8172777777777779 0.011554687499999999 0.029736111111111112
1 0.46215624999999994 0.25151388888888887 0.011421875 0.021347222222222222
1 0.47925000000000006 0.4392361111111111 0.0145546875 0.029375
1 0.5122109375 0.7204861111111112 0.009484375 0.025694444444444443
1 0.458359375 0.35266666666666663 0.0089296875 0.020069444444444442
1 0.728515625 0.6028611111111111 0.017046875 0.036430555555555556
1 0.530765625 0.453125 0.011421875 0.023500000000000004
1 0.453 0.5865972222222222 0.0100625 0.016527777777777777
0 0.522953125 0.6454027777777778 0.004734375 0.008222222222222223