1 0.3809296875 0.3476666666666667 0.020953125 0.03236111111111111
1 0.2319375 0.22331944444444443 0.016984375 0.021305555555555557
1 0.1767578125 0.8526805555555554 0.01678125 0.025430555555555553
1 0.0302109375 0.5711805555555556 0.02328125 0.02786111111111111
1 0.7419374999999999 0.5351527777777778 0.0185703125 0.027388888888888886
1 0.45239062499999994 0.5169305555555556 0.011960937500000001 0.03677777777777778
1 0.4140625 0.6746666666666666 0.0122890625 0.025805555555555554
1 0.365234375 0.8146388888888888 0.012773437500000002 0.026583333333333334
1 0.1961640625 0.44566666666666666 0.0179140625 0.01984722222222222
1 0.4256953125 0.3632361111111111 0.0128515625 0.02809722222222222
1 0.33678125 0.6465000000000001 0.0125390625 0.02175
1 0.09809375000000001 0.6783055555555555 0.0167890625 0.022805555555555558
0 0.111375 0.6821944444444444 0.00540625 0.010944444444444444