1 0.12408593750000001 0.4752638888888889 0.01428125 0.019458333333333334
1 0.2614765625 0.2575972222222222 0.013273437499999999 0.022444444444444444
1 0.4438515625 0.2517361111111111 0.010984375000000001 0.024333333333333332
1 0.3068828125 0.8263888888888888 0.011960937500000001 0.025194444444444446
1 0.41284375000000006 0.8354999999999999 0.011554687499999999 0.03125
1 0.50084375 0.8069999999999999 0.01515625 0.022819444444444444
1 0.4404296875 0.734375 0.012484375 0.022347222222222223
1 0.45190625000000006 0.5381944444444444 0.011164062499999999 0.036430555555555556
1 0.49585156250000006 0.6584166666666667 0.019453124999999998 0.024708333333333332
1 0.42114062499999994 0.45008333333333334 0.0151328125 0.025583333333333336
1 0.7998046875 0.5950555555555556 0.01871875 0.019305555555555555
1 0.524328125 0.4454444444444445 0.015265625 0.023541666666666666
0 0.5141640625 0.7942777777777777 0.004734375 0.008291666666666666