1 0.12621875 0.48004166666666664 0.012671874999999999 0.017652777777777778
1 0.3754921875 0.7330694444444443 0.009484375 0.019458333333333334
1 0.6391640625 0.7999166666666667 0.01159375 0.027944444444444445
1 0.6225625 0.5464444444444444 0.014335937500000001 0.01952777777777778
1 0.5048828125 0.8103333333333335 0.009273437499999999 0.02086111111111111
1 0.51953125 0.46831944444444445 0.015484375 0.02752777777777778
1 0.651859375 0.6141527777777778 0.01159375 0.01901388888888889
1 0.7353515625 0.34397222222222223 0.01771875 0.020388888888888887
1 0.3227578125 0.26729166666666665 0.007789062500000001 0.017194444444444446
1 0.8188515625000001 0.5620694444444444 0.0158984375 0.024527777777777777
0 0.8143125 0.8106944444444445 0.0063359374999999996 0.009833333333333333
1 0.7934609375 0.625 0.01678125 0.026805555555555558
1 0.8942656250000001 0.6094722222222222 0.0243125 0.01898611111111111