1 0.687015625 0.48394444444444445 0.015078125000000001 0.023875
1 0.391078125 0.24086111111111108 0.012375 0.026375
1 0.1591796875 0.4861111111111111 0.013953125 0.018791666666666665
1 0.6111953125 0.7572916666666667 0.009796875 0.020805555555555556
1 0.8520546875000001 0.5690138888888889 0.0171015625 0.017944444444444443
1 0.7083359375 0.5570555555555555 0.01278125 0.015611111111111112
1 0.509765625 0.5785555555555556 0.00815625 0.016527777777777777
1 0.84375 0.8888888888888888 0.0166640625 0.024430555555555556
1 0.828125 0.9401111111111111 0.01809375 0.026805555555555558
1 0.77734375 0.7035555555555556 0.0158984375 0.019458333333333334
0 0.7973671875 0.7044305555555556 0.0047734375 0.009680555555555555
1 0.951171875 0.6145833333333334 0.0186953125 0.043083333333333335
1 0.7195859375 0.5545416666666666 0.010296875 0.017513888888888888