1 0.396484375 0.2562916666666667 0.008671874999999999 0.021847222222222223
1 0.640140625 0.5034722222222222 0.0177734375 0.029944444444444444
1 0.8506484375 0.9492222222222223 0.0163203125 0.03333333333333333
1 0.8662109375 0.5243055555555556 0.0167265625 0.024055555555555556
1 0.8725625000000001 0.8511249999999999 0.0161015625 0.025194444444444446
1 0.728515625 0.5581666666666667 0.011554687499999999 0.013208333333333332
1 0.708984375 0.5868055555555556 0.0136875 0.02377777777777778
1 0.7475625 0.7695277777777777 0.0138984375 0.024527777777777777
1 0.587890625 0.7908055555555555 0.008984375 0.020944444444444446
1 0.487796875 0.6445277777777778 0.010781250000000001 0.03040277777777778
1 0.9497109375000001 0.6319444444444444 0.024 0.01648611111111111
1 0.1564765625 0.48488888888888887 0.016398437499999998 0.01927777777777778
0 0.8423125 0.9296388888888889 0.0043046874999999995 0.00925