1 0.44116406250000006 0.6462638888888889 0.0088125 0.021027777777777777
1 0.8291015625 0.5169305555555556 0.0164609375 0.028833333333333336
1 0.0920390625 0.484375 0.018875 0.020694444444444446
1 0.486203125 0.15497222222222223 0.01675 0.03095833333333333
0 0.47512499999999996 0.5310972222222222 0.0051953125 0.01225
1 0.390625 0.8676250000000001 0.0112421875 0.018791666666666665
1 0.20373437499999997 0.1545138888888889 0.0201015625 0.020375
1 0.679203125 0.5607638888888888 0.0090546875 0.022625
1 0.710453125 0.7204861111111112 0.0123359375 0.025777777777777774
1 0.6204921875 0.17383333333333334 0.014374999999999999 0.02783333333333333
1 0.266453125 0.27955555555555556 0.0137734375 0.021458333333333333
1 0.599609375 0.8832500000000001 0.010609375 0.03216666666666667
1 0.477453125 0.5155416666666667 0.010390625 0.018361111111111113