1 0.40063281249999994 0.21006944444444445 0.0087421875 0.026375
1 0.5400390625 0.6150138888888889 0.010609375 0.016805555555555556
1 0.383546875 0.8454861111111112 0.0148984375 0.022347222222222223
1 0.5908203125 0.4275138888888889 0.0103671875 0.025097222222222222
1 0.4497109375 0.2586805555555556 0.0102890625 0.026694444444444444
1 0.440921875 0.7578194444444445 0.01040625 0.021930555555555554
1 0.3396015625 0.5273472222222222 0.0160234375 0.03040277777777778
1 0.343265625 0.5898472222222222 0.0140625 0.017263888888888888
1 0.24621875000000001 0.4557361111111111 0.013632812499999999 0.019916666666666666
1 0.3813515625 0.5121527777777778 0.014734375 0.027000000000000003
1 0.4321328125 0.38629166666666664 0.0116875 0.020388888888888887
1 0.21661718749999997 0.661375 0.0141171875 0.022444444444444444
0 0.3406796875 0.5329861111111112 0.0059453125 0.008