1 0.41039843749999994 0.8285555555555555 0.010984375000000001 0.01938888888888889
1 0.305421875 0.8307361111111111 0.01178125 0.01961111111111111
1 0.12359374999999999 0.4756944444444444 0.014453125 0.02022222222222222
1 0.2615 0.258375 0.01609375 0.02651388888888889
1 0.43359375 0.7335138888888889 0.014734375 0.01916666666666667
1 0.44800000000000006 0.53125 0.0130703125 0.019916666666666666
1 0.4886953125 0.6544722222222222 0.0196328125 0.029444444444444443
1 0.4365234375 0.25151388888888887 0.0141171875 0.02415277777777778
1 0.49478125000000006 0.8086111111111112 0.0124375 0.026666666666666665
1 0.4194375 0.45052777777777775 0.013328125 0.025583333333333336
1 0.5126953125 0.4548611111111111 0.015484375 0.02086111111111111
1 0.798828125 0.5928888888888889 0.016523437499999998 0.014055555555555554
0 0.507328125 0.7964444444444445 0.0041640625 0.007583333333333333