1 0.23181250000000003 0.21484722222222222 0.0145546875 0.03090277777777778
1 0.5359296875 0.49084722222222227 0.014203125 0.021347222222222222
1 0.47818750000000004 0.6872083333333333 0.0134375 0.023791666666666666
1 0.1844453125 0.5538194444444444 0.013171875 0.01673611111111111
1 0.43871874999999994 0.30469444444444443 0.015671875 0.03090277777777778
1 0.0724765625 0.5314166666666666 0.0204453125 0.017805555555555557
1 0.21862499999999999 0.42144444444444445 0.015078125000000001 0.014166666666666666
1 0.5 0.33941666666666664 0.0106953125 0.021347222222222222
1 0.39372656250000004 0.7285277777777778 0.0096953125 0.015625
1 0.2236171875 0.8265833333333333 0.013492187499999999 0.020097222222222225
0 0.249265625 0.7825555555555557 0.00459375 0.008958333333333334
1 0.4458828125 0.8749027777777777 0.0067734375 0.019666666666666666
1 0.8159453125 0.5434027777777778 0.02475 0.024069444444444442