1 0.49292187500000006 0.4600694444444444 0.012531249999999999 0.02773611111111111
1 0.4857578125 0.32545833333333335 0.011835937500000001 0.018902777777777775
1 0.519046875 0.7096388888888889 0.0096328125 0.024708333333333332
1 0.6220703125 0.26952777777777776 0.008515625 0.024430555555555556
1 0.6328125 0.5338611111111111 0.01040625 0.019916666666666666
1 0.455078125 0.2517361111111111 0.0084140625 0.018361111111111113
1 0.44848437499999994 0.5590277777777778 0.01178125 0.021597222222222223
1 0.4614296875 0.8340555555555556 0.013734374999999998 0.025319444444444447
1 0.7529296875 0.5690138888888889 0.014671875000000001 0.023875
1 0.56640625 0.6401944444444444 0.0106015625 0.030375000000000003
1 0.39615625 0.34988888888888886 0.0124609375 0.019069444444444444
1 0.4809609375 0.407125 0.013171875 0.023416666666666665
0 0.5556640625 0.6519166666666667 0.0044531250000000005 0.008958333333333334