1 0.4897265625 0.8056249999999999 0.011898437500000001 0.024694444444444446
1 0.42749218750000006 0.7317777777777777 0.012773437500000002 0.021180555555555557
1 0.2600078125 0.2556388888888889 0.0137421875 0.02752777777777778
1 0.4462890625 0.5329861111111112 0.01525 0.02423611111111111
1 0.4326171875 0.24761111111111112 0.0115078125 0.01976388888888889
1 0.12365625 0.4756944444444444 0.0125703125 0.01801388888888889
1 0.302 0.8329027777777779 0.0088515625 0.017652777777777778
1 0.5048828125 0.4522638888888889 0.013125000000000001 0.015486111111111112
1 0.47973437499999994 0.6497361111111111 0.013218750000000001 0.027944444444444445
1 0.40942187499999994 0.8333333333333334 0.010132812500000001 0.030083333333333333
0 0.5001875 0.8002222222222222 0.0050390625 0.008805555555555556
1 0.4186328125 0.4500555555555556 0.01390625 0.026583333333333334
1 0.7966015625 0.5896944444444444 0.015515625 0.016583333333333332