1 0.620609375 0.174375 0.012828125000000001 0.028624999999999998
1 0.7099609375 0.7209166666666665 0.0121015625 0.026083333333333333
1 0.44067187499999994 0.6454027777777778 0.0087109375 0.018722222222222223
1 0.8256875000000001 0.5199722222222222 0.0159609375 0.024430555555555556
1 0.47786718749999996 0.5136805555555556 0.0083984375 0.017875
1 0.48657031249999994 0.15591666666666668 0.014453125 0.027291666666666665
1 0.20325000000000001 0.15516666666666667 0.0140625 0.022097222222222223
1 0.3899609375 0.8684722222222222 0.013945312500000001 0.02227777777777778
1 0.6787109375 0.5607638888888888 0.0100546875 0.02415277777777778
1 0.2646484375 0.27820833333333334 0.010328125 0.022625
1 0.6005859375 0.8823749999999999 0.0087109375 0.015361111111111112
1 0.091734375 0.48133333333333334 0.0177734375 0.019916666666666666
0 0.47484374999999995 0.5312222222222223 0.0045390625 0.00811111111111111