1 0.5257734375 0.7899444444444444 0.0194453125 0.03179166666666667
1 0.46176562499999996 0.526263888888889 0.0087109375 0.02227777777777778
1 0.124203125 0.47352777777777777 0.014335937500000001 0.01901388888888889
1 0.4658203125 0.7421944444444445 0.01628125 0.030305555555555554
1 0.2673359375 0.2621527777777778 0.015015625 0.02415277777777778
1 0.4301796875 0.45181944444444444 0.0125703125 0.024902777777777777
1 0.567875 0.4440138888888889 0.0106484375 0.022708333333333334
1 0.3115234375 0.8190138888888889 0.010007812500000001 0.01952777777777778
1 0.42016406249999994 0.8315972222222222 0.0141171875 0.021597222222222223
1 0.470703125 0.26237499999999997 0.014953125000000001 0.02415277777777778
1 0.5316875 0.6732361111111111 0.015210937499999999 0.02001388888888889
1 0.8106249999999999 0.597125 0.0199609375 0.015555555555555555
0 0.539640625 0.7881250000000001 0.00446875 0.009569444444444445