1 0.5634765625 0.5620694444444444 0.008125 0.018152777777777778
1 0.399171875 0.7630277777777777 0.011375 0.020069444444444442
1 0.3515625 0.3851944444444444 0.0094140625 0.019305555555555555
1 0.4794921875 0.45052777777777775 0.0146171875 0.025777777777777774
1 0.534671875 0.26975 0.010171875 0.025777777777777774
1 0.4833984375 0.6783333333333333 0.008671874999999999 0.021736111111111112
1 0.44848437499999994 0.444875 0.0100546875 0.01938888888888889
1 0.5043984375 0.6089444444444444 0.00815625 0.021111111111111112
1 0.646 0.4991388888888889 0.0124296875 0.019680555555555555
1 0.45824999999999994 0.2465277777777778 0.012671874999999999 0.022444444444444444
1 0.42759375000000005 0.5425277777777778 0.014859375 0.017152777777777777
1 0.4497109375 0.5481805555555556 0.011828125 0.024902777777777777
0 0.40698437500000006 0.6779583333333333 0.0037968750000000003 0.007666666666666666