1 0.2321796875 0.22005555555555556 0.015078125000000001 0.021347222222222222
1 0.4535703125 0.6813611111111111 0.012632812500000002 0.022430555555555554
1 0.505859375 0.49740277777777775 0.0115078125 0.01961111111111111
1 0.175296875 0.8064305555555555 0.014953125000000001 0.020541666666666666
1 0.7880859375 0.5347222222222222 0.0151328125 0.022097222222222223
1 0.413578125 0.8480972222222222 0.011328125 0.03347222222222222
1 0.378171875 0.6905416666666666 0.012484375 0.01976388888888889
1 0.2109375 0.4303333333333333 0.0166640625 0.021111111111111112
1 0.1405 0.5768194444444444 0.020140625000000002 0.026694444444444444
1 0.0524296875 0.5499166666666666 0.0164609375 0.02077777777777778
1 0.46508593749999994 0.31575000000000003 0.0123828125 0.02315277777777778
1 0.41332812499999994 0.316625 0.014953125000000001 0.025291666666666667
0 0.13225 0.5832361111111111 0.0048046875 0.010583333333333333