1 0.0703125 0.5195277777777778 0.01634375 0.020541666666666666
1 0.4868203125 0.6888055555555556 0.0140078125 0.020069444444444442
1 0.81484375 0.5450416666666666 0.023109374999999998 0.024736111111111108
1 0.23132031249999999 0.21636111111111112 0.014835937499999998 0.03040277777777778
1 0.5454140625 0.49393055555555554 0.015671875 0.01998611111111111
1 0.39575 0.7369861111111111 0.008515625 0.024708333333333332
1 0.45452343749999996 0.8823194444444444 0.01196875 0.022833333333333334
1 0.23986718749999997 0.8389722222222221 0.018187500000000002 0.021680555555555554
1 0.1958046875 0.5442777777777777 0.0171796875 0.01938888888888889
0 0.2731953125 0.7704027777777779 0.004921875 0.009208333333333334
1 0.509765625 0.339625 0.010859375000000001 0.021430555555555557
1 0.22326562499999997 0.41731944444444447 0.014453125 0.024902777777777777
1 0.4438515625 0.2962222222222222 0.01628125 0.03252777777777778