1 0.3598359375 0.8037638888888889 0.0138984375 0.01901388888888889
1 0.3349609375 0.5412361111111111 0.0147890625 0.018722222222222223
1 0.386859375 0.51625 0.0102890625 0.01929166666666667
1 0.2705078125 0.8502638888888889 0.015187500000000001 0.021680555555555554
1 0.2736796875 0.6705694444444444 0.01353125 0.02315277777777778
1 0.3239765625 0.5920138888888888 0.012828125000000001 0.017125
1 0.296390625 0.4826388888888889 0.0136875 0.020305555555555556
1 0.2358984375 0.22601388888888888 0.0180234375 0.02026388888888889
1 0.3786640625 0.38606944444444447 0.014226562500000001 0.02423611111111111
1 0.10614062500000002 0.4631111111111111 0.0212109375 0.022527777777777775
1 0.374515625 0.2662777777777778 0.010453125 0.02826388888888889
1 0.75390625 0.5134583333333333 0.0171015625 0.026694444444444444
0 0.30188281250000004 0.4976388888888889 0.004953125 0.009180555555555556