1 0.22936718749999999 0.2195138888888889 0.014226562500000001 0.021513888888888888
1 0.3361796875 0.6415 0.013375000000000001 0.01822222222222222
1 0.377921875 0.6758472222222223 0.01675 0.017791666666666667
1 0.37621875 0.36870833333333336 0.014953125000000001 0.026694444444444444
1 0.216796875 0.45008333333333334 0.0105703125 0.01586111111111111
1 0.3481484375 0.8159722222222222 0.01103125 0.02013888888888889
1 0.04025 0.546875 0.0204140625 0.023972222222222225
1 0.1925078125 0.8615416666666665 0.013843749999999998 0.019680555555555555
1 0.440921875 0.5143194444444444 0.009015625 0.017527777777777778
1 0.1507578125 0.6749166666666666 0.0249921875 0.023500000000000004
1 0.7309609375 0.54775 0.012921875 0.01961111111111111
1 0.4189453125 0.3700138888888889 0.010453125 0.01822222222222222
0 0.1594296875 0.6752916666666666 0.0044453125000000005 0.004625