1 0.3752421875 0.25781944444444443 0.0103671875 0.026805555555555558
1 0.23584375 0.22352777777777777 0.012921875 0.019916666666666666
1 0.3863671875 0.5163472222222222 0.0096953125 0.017388888888888888
1 0.7543984375 0.5134583333333333 0.0167265625 0.026194444444444444
1 0.10931249999999999 0.4574722222222222 0.0177734375 0.02126388888888889
1 0.3617109375 0.8020416666666667 0.0161328125 0.01922222222222222
1 0.2739296875 0.8506944444444444 0.0124296875 0.023500000000000004
1 0.306640625 0.49740277777777775 0.015187500000000001 0.029736111111111112
1 0.33740625 0.538625 0.0137421875 0.020458333333333335
1 0.3196328125 0.5850694444444444 0.018796874999999998 0.018208333333333333
1 0.2890625 0.6809861111111111 0.013171875 0.025
1 0.380125 0.39084722222222223 0.0141171875 0.024055555555555556
0 0.30767968749999997 0.5075138888888889 0.0040390625 0.008083333333333333