1 0.347140625 0.6578888888888889 0.0147734375 0.024180555555555556
1 0.185671875 0.42969444444444443 0.013218750000000001 0.020944444444444446
1 0.0290390625 0.5759583333333333 0.01771875 0.021597222222222223
1 0.3732890625 0.8172777777777779 0.010007812500000001 0.018430555555555554
1 0.0830546875 0.6576388888888889 0.0154296875 0.02227777777777778
1 0.4321328125 0.34830555555555553 0.0098984375 0.02323611111111111
1 0.462890625 0.5095555555555555 0.014671875000000001 0.03125
1 0.4228515625 0.6670972222222222 0.0121953125 0.02022222222222222
1 0.168703125 0.8420138888888888 0.0138984375 0.01822222222222222
1 0.385984375 0.33941666666666664 0.014835937499999998 0.029263888888888888
1 0.22985937500000003 0.2197222222222222 0.014226562500000001 0.02086111111111111
1 0.749515625 0.5357083333333333 0.0148984375 0.026486111111111113
0 0.09374218749999999 0.6668611111111111 0.006195312499999999 0.011916666666666667