1 0.4296875 0.31098611111111113 0.014835937499999998 0.0315
1 0.22925 0.21505555555555556 0.0140625 0.021347222222222222
1 0.0665859375 0.5490416666666667 0.017578125 0.01573611111111111
1 0.5235546875 0.49272222222222223 0.015187500000000001 0.018319444444444444
1 0.46848437499999995 0.6859166666666667 0.013710937500000001 0.020513888888888887
1 0.43099999999999994 0.8627777777777779 0.013382812499999999 0.021736111111111112
1 0.3864765625 0.7157083333333333 0.0106953125 0.02086111111111111
1 0.1744375 0.5599027777777777 0.0185390625 0.01673611111111111
1 0.486328125 0.3361527777777778 0.008125 0.023416666666666665
1 0.21925781249999998 0.4303194444444444 0.01528125 0.017930555555555557
1 0.8098828125 0.5422222222222222 0.01821875 0.02352777777777778
0 0.2181171875 0.78 0.00475 0.00976388888888889
1 0.21097656250000002 0.8017777777777777 0.0235390625 0.03111111111111111