1 0.4946328125 0.18120833333333333 0.014953125000000001 0.033666666666666664
1 0.597171875 0.8915 0.0106953125 0.03336111111111111
1 0.2109375 0.18348611111111113 0.0136875 0.024902777777777777
1 0.257328125 0.35394444444444445 0.011328125 0.021111111111111112
1 0.46020312499999994 0.6844583333333334 0.0084453125 0.022875
1 0.612796875 0.20898611111111112 0.0116875 0.029055555555555557
1 0.3864765625 0.8545972222222221 0.0121953125 0.03336111111111111
1 0.0837421875 0.48827777777777776 0.018187500000000002 0.02315277777777778
1 0.6723671875 0.57075 0.0100546875 0.021347222222222222
1 0.6357421875 0.7517361111111112 0.01771875 0.021111111111111112
1 0.4790078125 0.44054166666666666 0.008671874999999999 0.013680555555555555
1 0.8227578125000001 0.5577222222222222 0.020171875 0.021680555555555554
0 0.625 0.7565138888888889 0.00421875 0.008166666666666666