1 0.7778359375 0.5403611111111111 0.0161015625 0.025694444444444443
0 0.43725781250000006 0.6744861111111111 0.0038515625 0.007736111111111111
1 0.23254687500000001 0.21983333333333333 0.013632812499999999 0.023875
1 0.5634765625 0.6905416666666666 0.0095625 0.022347222222222223
1 0.3188515625 0.84375 0.012968750000000001 0.030541666666666665
1 0.4833984375 0.2484861111111111 0.01428125 0.029055555555555557
1 0.6298828125 0.5473055555555556 0.009375 0.01822222222222222
1 0.34765625 0.40320833333333334 0.01621875 0.01865277777777778
1 0.576171875 0.3072916666666667 0.010171875 0.021430555555555557
1 0.2563515625 0.4479166666666667 0.012234375 0.021597222222222223
1 0.0705546875 0.5329861111111112 0.021453125 0.02538888888888889
1 0.4873046875 0.8359444444444445 0.0100546875 0.027430555555555555
1 0.4165078125 0.648875 0.0112421875 0.019083333333333334