1 0.43969531249999994 0.6493055555555556 0.0087421875 0.01952777777777778
1 0.6884765625 0.5577222222222222 0.010906250000000001 0.021430555555555557
1 0.41382031250000006 0.8663194444444444 0.010984375000000001 0.02175
1 0.6046640625 0.826138888888889 0.010453125 0.030166666666666665
1 0.8251953125 0.5199722222222222 0.01571875 0.024805555555555556
1 0.48510937500000006 0.16243055555555555 0.01353125 0.03247222222222222
1 0.61865625 0.17469444444444446 0.010734375 0.02315277777777778
0 0.4731484375 0.5322638888888889 0.0046484375 0.008791666666666666
1 0.27734375 0.21559722222222222 0.013953125 0.03252777777777778
1 0.21203906250000001 0.15483333333333335 0.01640625 0.023416666666666665
1 0.70459375 0.7144166666666667 0.012531249999999999 0.030083333333333333
1 0.0983125 0.48234722222222226 0.0198125 0.024777777777777777
1 0.4755625 0.5168472222222222 0.007546875 0.01648611111111111