1 0.5395546875 0.3361527777777778 0.016843749999999998 0.028833333333333336
1 0.8505859375 0.5334166666666667 0.018234375 0.02022222222222222
1 0.7783203125 0.35959722222222223 0.016523437499999998 0.022708333333333334
1 0.2685546875 0.42795833333333333 0.014734375 0.017875
1 0.7368203125 0.6462638888888889 0.0180234375 0.02227777777777778
1 0.67725 0.5833333333333334 0.013328125 0.02175
1 0.6640625 0.4236111111111111 0.011164062499999999 0.02077777777777778
1 0.671390625 0.3426666666666667 0.014835937499999998 0.03691666666666667
1 0.581546875 0.4496527777777778 0.010007812500000001 0.02175
1 0.6684609375 0.7365416666666665 0.012671874999999999 0.035666666666666666
1 0.625 0.8871527777777778 0.0091953125 0.018152777777777778
0 0.5263671875 0.3315972222222222 0.0045390625 0.009069444444444444
1 0.44441406250000004 0.25177777777777777 0.010078125 0.024319444444444446