1 0.6572265625 0.8055555555555556 0.013843749999999998 0.02731944444444445
1 0.1311015625 0.48654166666666665 0.009820312500000001 0.013944444444444443
1 0.336671875 0.273 0.013023437500000002 0.025
1 0.6645546875 0.6189305555555555 0.01146875 0.01952777777777778
1 0.521484375 0.8211805555555556 0.0102890625 0.03113888888888889
1 0.537109375 0.47352777777777777 0.0125703125 0.028055555555555556
0 0.8344765625000001 0.8897638888888889 0.00459375 0.011305555555555557
1 0.8520546875000001 0.6219583333333334 0.011734375 0.018361111111111113
1 0.6635390625 0.5528888888888889 0.013218750000000001 0.01984722222222222
1 0.392578125 0.7261249999999999 0.0102890625 0.017791666666666667
1 0.7724609375 0.36913888888888885 0.017515625 0.033416666666666664
1 0.9233437500000001 0.6384583333333333 0.01428125 0.016291666666666666
1 0.8198281250000001 0.7578194444444445 0.011289062499999999 0.014222222222222223