1 0.22936718749999999 0.2195138888888889 0.013484375000000002 0.01961111111111111
1 0.4091796875 0.6775138888888889 0.015601562499999999 0.02013888888888889
1 0.0330859375 0.5644583333333334 0.021625 0.020930555555555556
1 0.1813984375 0.8567777777777777 0.01628125 0.019083333333333334
1 0.4458046875 0.5138888888888888 0.015601562499999999 0.03227777777777777
1 0.423828125 0.36719444444444443 0.010984375000000001 0.024902777777777777
1 0.10871093750000001 0.6814305555555555 0.0189375 0.01901388888888889
1 0.3791484375 0.3535138888888889 0.016921875 0.029263888888888888
1 0.33471875 0.6462638888888889 0.0127265625 0.021347222222222222
1 0.73828125 0.5403611111111111 0.0180234375 0.024708333333333332
1 0.1951875 0.4461805555555556 0.0091953125 0.011277777777777777
1 0.3596171875 0.8129305555555555 0.00671875 0.014333333333333333
0 0.12365625 0.6818611111111111 0.0045390625 0.007611111111111112