1 0.6287578125 0.7603611111111112 0.0119375 0.02275
1 0.7172890625 0.55425 0.009273437499999999 0.01673611111111111
1 0.1572265625 0.48568055555555556 0.012921875 0.019083333333333334
1 0.5205078125 0.5360277777777778 0.009375 0.027430555555555555
1 0.9453125 0.5776944444444444 0.0225078125 0.018430555555555554
1 0.8515625 0.5590277777777778 0.0158359375 0.02126388888888889
1 0.8017578125 0.9244861111111111 0.0137421875 0.021347222222222222
1 0.78346875 0.6610277777777778 0.0149140625 0.01822222222222222
0 0.7705078125 0.5690138888888889 0.0041328125 0.00925
1 0.8397890625000001 0.8391249999999999 0.0161875 0.023291666666666665
1 0.7138671875 0.4722222222222222 0.0198359375 0.024902777777777777
1 0.3931796875 0.24734722222222222 0.0111875 0.020638888888888887
1 0.7081328124999999 0.5549166666666667 0.013539062499999999 0.014152777777777776