1 0.1267109375 0.4742777777777778 0.018203125 0.021500000000000002
1 0.2778359375 0.2690972222222222 0.013953125 0.025777777777777774
1 0.47973437499999994 0.5243055555555556 0.013375000000000001 0.02377777777777778
1 0.4366875 0.8298333333333333 0.0092265625 0.021736111111111112
0 0.6240234375 0.6427916666666667 0.0038125 0.007152777777777778
1 0.636796875 0.4357083333333333 0.0154296875 0.021680555555555554
1 0.3232421875 0.801875 0.013218750000000001 0.03111111111111111
1 0.4462890625 0.4557361111111111 0.013328125 0.026805555555555558
1 0.521 0.27994444444444444 0.011289062499999999 0.025486111111111112
1 0.507328125 0.7326388888888888 0.014499999999999999 0.02126388888888889
1 0.5678046875 0.7708055555555556 0.0182890625 0.028972222222222222
1 0.8335312500000001 0.5930833333333333 0.016953125 0.028902777777777777
1 0.58840625 0.6886944444444445 0.0239765625 0.021027777777777777