1 0.8647500000000001 0.5013055555555556 0.018375 0.020388888888888887
1 0.9516640625000001 0.6354166666666666 0.0232421875 0.017875
1 0.47094531249999994 0.6679722222222222 0.010007812500000001 0.02315277777777778
1 0.7407265625 0.5572916666666666 0.012921875 0.022194444444444444
1 0.583984375 0.8168472222222222 0.007609375 0.026194444444444444
1 0.6982421875 0.6289027777777778 0.012531249999999999 0.02201388888888889
1 0.8884062500000001 0.8320416666666668 0.017609375 0.02001388888888889
1 0.15503125 0.4835138888888889 0.0159609375 0.02061111111111111
1 0.7373046875 0.7860277777777779 0.014226562500000001 0.021930555555555554
1 0.61328125 0.5047777777777778 0.0180546875 0.028375
1 0.38940625 0.26302777777777775 0.009523437499999999 0.020944444444444446
1 0.8549843750000001 0.9565972222222222 0.01678125 0.02315277777777778
0 0.8471718750000001 0.9340277777777778 0.00459375 0.008680555555555556