1 0.8499453125 0.947513888888889 0.01628125 0.034555555555555555
1 0.4912109375 0.6354166666666666 0.0080625 0.018722222222222223
1 0.7507109375 0.7625833333333333 0.016843749999999998 0.02077777777777778
1 0.7275390625 0.5594583333333334 0.01634375 0.022625
1 0.5915546875000001 0.7802083333333333 0.01021875 0.02276388888888889
1 0.647953125 0.5034722222222222 0.0171015625 0.03159722222222222
1 0.862703125 0.5366666666666666 0.0211640625 0.02188888888888889
1 0.71240625 0.5742222222222222 0.011421875 0.022527777777777775
1 0.94921875 0.6319444444444444 0.023328124999999998 0.017875
1 0.8715859375000001 0.8615416666666665 0.0158984375 0.03976388888888889
1 0.1564296875 0.486125 0.0166953125 0.01951388888888889
1 0.395265625 0.2534444444444444 0.0101484375 0.01865277777777778
0 0.8421015625000001 0.9283611111111111 0.0038359375 0.007402777777777778