1 0.794921875 0.9253472222222222 0.013796875 0.021680555555555554
0 0.765140625 0.5416666666666666 0.0040390625 0.008125
1 0.7788125 0.6614583333333334 0.0189375 0.020305555555555556
1 0.8505859375 0.5546944444444445 0.0196875 0.01952777777777778
1 0.841796875 0.8237916666666667 0.0135859375 0.03233333333333333
1 0.1572265625 0.48394444444444445 0.0153671875 0.01984722222222222
1 0.63428125 0.7586805555555556 0.012484375 0.018361111111111113
1 0.525390625 0.5295138888888888 0.0100546875 0.016027777777777776
1 0.3967265625 0.24609722222222222 0.0082890625 0.01634722222222222
1 0.7197265625 0.5529583333333333 0.010609375 0.017527777777777778
1 0.7236328125 0.4704861111111111 0.0190859375 0.029736111111111112
1 0.9448671875000001 0.5659722222222222 0.0210625 0.025486111111111112
1 0.705578125 0.5583055555555556 0.01665625 0.019083333333333334