1 0.4169921875 0.6510416666666666 0.0112421875 0.026083333333333333
1 0.48510937500000006 0.8606805555555557 0.010328125 0.03090277777777778
1 0.4697265625 0.2591111111111111 0.0141171875 0.029486111111111112
1 0.27075 0.39105555555555555 0.014453125 0.02022222222222222
1 0.7797890625 0.5464444444444444 0.0210078125 0.022708333333333334
1 0.23400781249999997 0.21647222222222223 0.013632812499999999 0.031
1 0.29783593750000004 0.8359583333333334 0.01353125 0.021416666666666667
1 0.6079140625 0.5290833333333333 0.0097421875 0.015416666666666665
1 0.0693984375 0.5143194444444444 0.02071875 0.021180555555555557
1 0.5571328125 0.3148888888888889 0.008921875 0.0185
0 0.42016406249999994 0.6944444444444444 0.004328125 0.009805555555555555
1 0.5329375 0.6635277777777778 0.009929687500000001 0.018236111111111113
1 0.238140625 0.47468055555555555 0.021406249999999998 0.017916666666666668