1 0.341796875 0.828125 0.011875 0.022805555555555558
1 0.23010156249999997 0.2195138888888889 0.014335937500000001 0.020305555555555556
1 0.3418359375 0.6302083333333334 0.012484375 0.013888888888888888
1 0.374265625 0.387375 0.0153046875 0.027208333333333334
1 0.328125 0.6631944444444444 0.012773437500000002 0.02022222222222222
1 0.41553125 0.5212638888888889 0.008515625 0.01916666666666667
1 0.1805703125 0.6275694444444445 0.0197265625 0.025666666666666667
1 0.7465859375 0.5464444444444444 0.01571875 0.022347222222222223
1 0.0640859375 0.5121527777777778 0.021484375 0.02323611111111111
1 0.224609375 0.8598055555555555 0.0121953125 0.01984722222222222
1 0.4052734375 0.33941666666666664 0.010132812500000001 0.01648611111111111
1 0.2153203125 0.4476388888888889 0.0129609375 0.01659722222222222
0 0.21400000000000002 0.46048611111111115 0.0053046875 0.00775