0 0.46690624999999997 0.8120555555555555 0.006750000000000001 0.011041666666666667
1 0.41382031250000006 0.24240277777777777 0.0103671875 0.022444444444444444
1 0.3969765625 0.7157083333333333 0.0141171875 0.022805555555555558
1 0.44234375000000004 0.6303888888888889 0.013273437499999999 0.019333333333333334
1 0.2932109375 0.8376805555555555 0.012625 0.022625
1 0.43115625 0.5286527777777777 0.0109453125 0.022347222222222223
1 0.250734375 0.2484861111111111 0.014953125000000001 0.02315277777777778
1 0.46020312499999994 0.4618055555555556 0.01428125 0.024055555555555556
1 0.1275625 0.48480555555555555 0.0197109375 0.03908333333333333
1 0.40893750000000006 0.4427083333333333 0.012867187499999998 0.02323611111111111
1 0.7830625 0.5771388888888889 0.022789062500000002 0.02284722222222222
1 0.40063281249999994 0.8224861111111111 0.011289062499999999 0.029263888888888888
1 0.4589765625 0.7945694444444444 0.0185703125 0.025222222222222222