1 0.9350625000000001 0.5360277777777778 0.0256171875 0.022875
1 0.662109375 0.7586805555555556 0.0124296875 0.020541666666666666
1 0.6796875 0.5412361111111111 0.0159609375 0.018583333333333334
1 0.7465859375 0.4587638888888889 0.017046875 0.024333333333333332
1 0.4086953125 0.24869444444444444 0.010249999999999999 0.02305555555555556
1 0.7661171875 0.6388888888888888 0.015671875 0.018583333333333334
1 0.853515625 0.5004305555555556 0.01634375 0.029263888888888888
1 0.7602578125 0.9201388888888888 0.0123828125 0.022527777777777775
1 0.8393593750000001 0.7721388888888889 0.0164609375 0.029166666666666667
1 0.5380859375 0.4752638888888889 0.00809375 0.024333333333333332
0 0.7211953125 0.461375 0.0040546875 0.008166666666666666
1 0.724609375 0.523 0.011421875 0.019083333333333334
1 0.168703125 0.48741666666666666 0.0121015625 0.01659722222222222