1 0.44262499999999994 0.24066666666666667 0.008921875 0.017652777777777778
1 0.5302734375 0.3218333333333333 0.01053125 0.015791666666666666
1 0.5610390625 0.7204861111111112 0.010609375 0.021180555555555557
1 0.651859375 0.2699722222222222 0.0105703125 0.024902777777777777
1 0.76953125 0.5086805555555556 0.0166640625 0.029625
1 0.589359375 0.6592916666666666 0.01178125 0.036347222222222225
1 0.5063515625 0.4053888888888889 0.0136875 0.024527777777777777
1 0.4301796875 0.336375 0.0078125 0.019083333333333334
1 0.5 0.8650138888888889 0.013953125 0.024055555555555556
1 0.3559609375 0.39301388888888894 0.0090546875 0.018930555555555558
1 0.451171875 0.5151944444444444 0.013843749999999998 0.025875
1 0.661625 0.5750833333333334 0.01621875 0.018152777777777778
0 0.36475 0.3958333333333333 0.0054296875000000005 0.00938888888888889