1 0.7245859375 0.5373888888888889 0.012984375000000001 0.019333333333333334
1 0.8520546875000001 0.5217083333333333 0.0164609375 0.018083333333333333
1 0.653140625 0.7597222222222222 0.0135859375 0.01961111111111111
1 0.83984375 0.7925416666666667 0.012773437500000002 0.029736111111111112
1 0.164671875 0.48915277777777777 0.015671875 0.02201388888888889
1 0.7744140625 0.9210138888888889 0.013218750000000001 0.022347222222222223
1 0.7739296875 0.648 0.01571875 0.020388888888888887
1 0.40356249999999994 0.2510833333333333 0.0086171875 0.023972222222222225
1 0.7485390625 0.4574722222222222 0.01615625 0.02786111111111111
1 0.9404999999999999 0.5436527777777778 0.0228125 0.024013888888888887
1 0.5356484375 0.5004305555555556 0.013125000000000001 0.02690277777777778
1 0.688265625 0.5462083333333333 0.018125 0.017680555555555557
0 0.7295390625 0.5406527777777778 0.0030625 0.006486111111111111