1 0.6552734375 0.5763888888888888 0.013273437499999999 0.02086111111111111
1 0.6572265625 0.6506111111111111 0.0165859375 0.01886111111111111
1 0.6141796875 0.7086805555555555 0.0134296875 0.016027777777777776
1 0.5224609375 0.4826388888888889 0.00815625 0.025291666666666667
1 0.6025390625 0.31922222222222224 0.0102109375 0.021597222222222223
1 0.7197265625 0.32595833333333335 0.014953125000000001 0.024527777777777777
1 0.806640625 0.4631111111111111 0.0161015625 0.02022222222222222
1 0.4989296875 0.2844305555555555 0.0121953125 0.019541666666666666
1 0.577734375 0.4137777777777778 0.0194296875 0.03011111111111111
1 0.32178125 0.2534722222222222 0.013328125 0.029166666666666667
1 0.550296875 0.8828194444444445 0.0123359375 0.026486111111111113
1 0.4365234375 0.2293888888888889 0.0074609375000000006 0.014333333333333333
0 0.3122578125 0.277125 0.004609375000000001 0.009027777777777777