1 0.5771484375 0.6302083333333334 0.0078125 0.024527777777777777
1 0.6372109375 0.5420972222222222 0.013023437500000002 0.018152777777777778
1 0.48706250000000006 0.39475000000000005 0.014335937500000001 0.025097222222222222
0 0.498046875 0.5555555555555556 0.0040078125 0.008458333333333333
1 0.44750781249999994 0.24869444444444444 0.009375 0.01952777777777778
1 0.755859375 0.5420972222222222 0.014226562500000001 0.022805555555555558
1 0.6333046875 0.25390277777777776 0.0106484375 0.02690277777777778
1 0.49878125000000006 0.31401388888888887 0.0071484375 0.021597222222222223
1 0.442875 0.4548611111111111 0.0127265625 0.025194444444444446
1 0.474609375 0.8476527777777777 0.0105703125 0.017944444444444443
1 0.5282890625000001 0.6986388888888888 0.0108046875 0.015958333333333335
1 0.42784374999999997 0.5331388888888889 0.009929687500000001 0.0195
1 0.3974375 0.3477638888888889 0.0117421875 0.025986111111111113