1 0.44921875 0.5911527777777777 0.0091640625 0.02061111111111111
1 0.45092968750000006 0.3611111111111111 0.0106484375 0.023500000000000004
1 0.5771484375 0.25672222222222224 0.013953125 0.02711111111111111
1 0.7200390624999999 0.6009305555555555 0.014945312499999999 0.025180555555555553
1 0.5380859375 0.4474861111111111 0.013796875 0.02711111111111111
1 0.39721875 0.34765277777777776 0.011421875 0.023500000000000004
1 0.432234375 0.80225 0.014265625 0.029375
1 0.458984375 0.25043055555555555 0.01159375 0.016930555555555556
1 0.51953125 0.6597638888888888 0.0137421875 0.03772222222222222
1 0.47680468749999994 0.45052777777777775 0.014734375 0.02786111111111111
1 0.5961953125 0.532125 0.01146875 0.015416666666666665
1 0.5091796875 0.7237777777777777 0.0124296875 0.021388888888888888
0 0.5131875 0.6315138888888889 0.0040234375 0.007402777777777778