0 0.474609375 0.5303888888888889 0.0049453125 0.010708333333333334
1 0.48608593750000006 0.16069444444444445 0.015187500000000001 0.03233333333333333
1 0.099671875 0.48394444444444445 0.0185390625 0.025291666666666667
1 0.44116406250000006 0.6475694444444444 0.0082578125 0.018722222222222223
1 0.20349218750000003 0.14518055555555556 0.013218750000000001 0.01961111111111111
1 0.620609375 0.17372222222222222 0.010781250000000001 0.024055555555555556
1 0.6821328125 0.563375 0.0090859375 0.02013888888888889
1 0.269046875 0.25325000000000003 0.012773437500000002 0.026375
1 0.59375 0.8658888888888889 0.0083125 0.017597222222222222
1 0.826171875 0.5217083333333333 0.0179921875 0.028624999999999998
1 0.3930703125 0.8724027777777777 0.011960937500000001 0.018361111111111113
1 0.7119140625 0.719625 0.0094140625 0.01923611111111111
1 0.4791875 0.5195138888888889 0.0086953125 0.01676388888888889