1 0.3872109375 0.5169305555555556 0.009523437499999999 0.017388888888888888
1 0.3569375 0.8103333333333335 0.0151328125 0.03184722222222222
1 0.0993046875 0.46441666666666664 0.0200625 0.02013888888888889
1 0.3317890625 0.5503472222222222 0.012625 0.015069444444444444
1 0.2595234375 0.6623333333333333 0.014671875000000001 0.018722222222222223
1 0.3759765625 0.27581944444444445 0.0140625 0.03266666666666666
1 0.3286171875 0.5998333333333333 0.01640625 0.020944444444444446
1 0.23596093749999997 0.22720833333333335 0.014171875 0.029625
1 0.7524453125 0.5147638888888889 0.0189375 0.022875
1 0.2658671875 0.8485277777777779 0.012671874999999999 0.02315277777777778
1 0.2834453125 0.46918055555555555 0.011421875 0.016416666666666666
1 0.37890625 0.3851944444444444 0.01615625 0.029166666666666667
0 0.2943203125 0.4822916666666667 0.00596875 0.009666666666666667