1 0.3979609375 0.347875 0.012015625 0.020027777777777776
1 0.5161171875 0.7139722222222221 0.0097421875 0.024055555555555556
1 0.4751015625 0.3378888888888889 0.0084765625 0.021513888888888888
1 0.4585 0.2552083333333333 0.0090859375 0.017125
1 0.45581250000000006 0.8342083333333333 0.0120078125 0.02227777777777778
1 0.745609375 0.5829027777777778 0.013843749999999998 0.022527777777777775
1 0.4541015625 0.5655416666666666 0.00815625 0.021430555555555557
1 0.510265625 0.4568194444444445 0.0148046875 0.019875
1 0.6123046875 0.27040277777777777 0.0084765625 0.024708333333333332
1 0.48120312500000006 0.418625 0.013843749999999998 0.028722222222222222
0 0.5444375 0.6549444444444444 0.0044531250000000005 0.008194444444444445
1 0.5571328125 0.6614583333333334 0.010453125 0.016291666666666666
1 0.625 0.5297777777777778 0.011421875 0.019444444444444445