1 0.48657031249999994 0.15733333333333333 0.014671875000000001 0.029375
1 0.679203125 0.5616388888888889 0.0090546875 0.017875
1 0.090390625 0.48568055555555556 0.0205703125 0.02013888888888889
1 0.6201171875 0.17469444444444446 0.012531249999999999 0.02690277777777778
1 0.603984375 0.895625 0.012859375000000001 0.03131944444444445
1 0.7060546875 0.7217916666666667 0.0097421875 0.03204166666666667
1 0.8386328125 0.522 0.0193515625 0.022069444444444444
1 0.44751562500000003 0.647625 0.0151328125 0.021555555555555553
1 0.20682031250000002 0.15658333333333332 0.013359375000000001 0.02513888888888889
1 0.261234375 0.3168472222222222 0.0147890625 0.024902777777777777
1 0.48046875 0.49219444444444443 0.009273437499999999 0.02013888888888889
1 0.390140625 0.8719583333333333 0.014226562500000001 0.029486111111111112
0 0.5395546875 0.6649305555555556 0.004148437499999999 0.008888888888888889