1 0.8305468749999999 0.5510416666666667 0.0216484375 0.021055555555555557
1 0.61475 0.1909722222222222 0.011554687499999999 0.02369444444444444
1 0.2099609375 0.17469444444444446 0.0145546875 0.026694444444444444
1 0.6528359375 0.7504305555555555 0.0106953125 0.02175
1 0.599703125 0.8904583333333334 0.013679687500000001 0.02026388888888889
1 0.25782812499999996 0.3481666666666667 0.0160859375 0.020625
1 0.45483593750000006 0.6736111111111112 0.0096328125 0.0185
1 0.6748046875 0.5703194444444445 0.0098984375 0.021847222222222223
1 0.478515625 0.45052777777777775 0.007726562500000001 0.014222222222222223
1 0.0861796875 0.4861111111111111 0.0204921875 0.02201388888888889
1 0.491703125 0.17219444444444446 0.014671875000000001 0.028944444444444443
1 0.3864765625 0.8585138888888889 0.0102890625 0.01634722222222222
0 0.615234375 0.7274305555555556 0.0043124999999999995 0.007638888888888889