1 0.40384374999999995 0.7305833333333334 0.016718749999999998 0.020958333333333332
1 0.23278906250000003 0.3977916666666667 0.013953125 0.01634722222222222
1 0.5688515625 0.5056388888888889 0.0136875 0.025097222222222222
1 0.0718359375 0.5065138888888889 0.0179140625 0.019083333333333334
1 0.21130468750000003 0.5212638888888889 0.013484375000000002 0.018430555555555554
1 0.4751015625 0.8867222222222223 0.0086171875 0.022708333333333334
1 0.23254687500000001 0.21615277777777778 0.015187500000000001 0.03361111111111111
1 0.2641640625 0.844625 0.014499999999999999 0.02086111111111111
1 0.5297890625 0.33290277777777777 0.007664062500000001 0.020694444444444446
1 0.503421875 0.6770833333333334 0.00796875 0.01473611111111111
1 0.4541015625 0.28515277777777776 0.015671875 0.03241666666666666
1 0.8051796875000001 0.5494861111111111 0.017046875 0.023972222222222225
0 0.35324218749999997 0.73475 0.005890625 0.009680555555555555