1 0.77734375 0.6675416666666667 0.0198671875 0.02126388888888889
1 0.67578125 0.7374166666666667 0.0119140625 0.016527777777777777
1 0.7055703125 0.6072083333333333 0.017046875 0.022347222222222223
1 0.5610390625 0.34526388888888887 0.013375000000000001 0.021347222222222222
1 0.7080078125 0.4238333333333334 0.0130703125 0.027430555555555555
1 0.80859375 0.3962638888888889 0.0166640625 0.021111111111111112
1 0.8774453125000001 0.5512222222222222 0.021625 0.021680555555555554
1 0.22219531250000002 0.46116666666666667 0.018015625 0.02175
1 0.43383593749999994 0.25477777777777777 0.0108203125 0.04416666666666667
1 0.669921875 0.8884583333333335 0.0148984375 0.021597222222222223
1 0.6943359375 0.40343055555555557 0.011164062499999999 0.02359722222222222
1 0.6259765625 0.4443055555555555 0.0122890625 0.021333333333333333
0 0.5658359374999999 0.3488472222222222 0.0050390625 0.010708333333333334