1 0.392140625 0.5184444444444444 0.01240625 0.020166666666666666
1 0.3516953125 0.8203472222222222 0.013984374999999999 0.022097222222222223
1 0.3837890625 0.2892777777777778 0.013328125 0.02690277777777778
1 0.233890625 0.2221111111111111 0.012921875 0.02201388888888889
1 0.2561015625 0.8502638888888889 0.012867187499999998 0.021680555555555554
1 0.265140625 0.461375 0.009601562499999999 0.019083333333333334
1 0.08990625 0.4739583333333333 0.0189375 0.02415277777777778
1 0.7485390625 0.5190972222222222 0.014390625 0.02305555555555556
1 0.23559375 0.6436666666666666 0.0136875 0.0185
1 0.375 0.387375 0.0186953125 0.027944444444444445
1 0.323484375 0.5750833333333334 0.0123359375 0.02305555555555556
0 0.276609375 0.47091666666666665 0.004828125 0.007013888888888889
1 0.331546875 0.5972222222222222 0.014734375 0.027000000000000003