1 0.49047656249999994 0.3200972222222222 0.008921875 0.02201388888888889
1 0.4521484375 0.26237499999999997 0.011875 0.03963888888888889
1 0.468265625 0.8402777777777778 0.009335937499999999 0.017
1 0.567875 0.6362916666666667 0.014226562500000001 0.025583333333333336
1 0.43823437500000006 0.5434027777777778 0.00996875 0.018722222222222223
1 0.6376953125 0.5364583333333334 0.012625 0.02315277777777778
1 0.626953125 0.2632361111111111 0.010859375000000001 0.026583333333333334
1 0.48071093749999994 0.3997361111111111 0.012921875 0.025777777777777774
1 0.395265625 0.34852777777777777 0.010453125 0.019305555555555555
1 0.473421875 0.45949999999999996 0.012875000000000001 0.02826388888888889
1 0.7563515625 0.5564305555555555 0.013484375000000002 0.017
1 0.5200546875 0.704625 0.011453125 0.02340277777777778
0 0.5624374999999999 0.6385694444444444 0.0050625 0.009722222222222222