1 0.8618203125000001 0.5420972222222222 0.01621875 0.022097222222222223
1 0.155515625 0.48654166666666665 0.013632812499999999 0.017388888888888888
1 0.8510781250000001 0.9505277777777777 0.014953125000000001 0.024527777777777777
1 0.49487500000000006 0.625875 0.010249999999999999 0.021680555555555554
1 0.72246875 0.55825 0.0158359375 0.015583333333333334
1 0.9487343750000001 0.6319444444444444 0.0232421875 0.017458333333333333
1 0.8667031250000001 0.875875 0.0183984375 0.026083333333333333
0 0.8422890625000001 0.9305555555555556 0.0051640625 0.009680555555555555
1 0.5947265625 0.7669305555555557 0.00815625 0.01901388888888889
1 0.3950234375 0.25390277777777776 0.01040625 0.021111111111111112
1 0.7543984375 0.7569444444444444 0.016843749999999998 0.021347222222222222
1 0.6567421875 0.5017361111111112 0.015187500000000001 0.03159722222222222
1 0.7126875 0.5663333333333334 0.014812500000000001 0.015319444444444443