1 0.3735078125 0.3875972222222222 0.02028125 0.029958333333333333
1 0.2217265625 0.6333472222222222 0.016140625 0.023500000000000004
1 0.251953125 0.8493888888888889 0.01578125 0.024611111111111108
1 0.3199609375 0.5962083333333333 0.012562499999999999 0.018055555555555554
1 0.08344531250000001 0.4801111111111111 0.018070312499999998 0.020541666666666666
1 0.748046875 0.5222361111111111 0.0164609375 0.03141666666666667
1 0.3879140625 0.2975833333333333 0.009664062499999999 0.025763888888888888
1 0.2326875 0.21813888888888888 0.0173125 0.018166666666666668
1 0.3317890625 0.6050416666666667 0.014453125 0.01984722222222222
1 0.396484375 0.5190972222222222 0.00978125 0.020388888888888887
1 0.25259375 0.456375 0.01840625 0.016319444444444445
1 0.34790625 0.8256944444444444 0.0148828125 0.026930555555555555
0 0.26321875 0.4634027777777777 0.0048828125 0.010875