1 0.2302265625 0.22156944444444446 0.016921875 0.02690277777777778
1 0.3911796875 0.6787222222222222 0.020640625000000003 0.02175
1 0.4194375 0.3713055555555555 0.0088515625 0.02305555555555556
1 0.1900625 0.8619861111111111 0.018796874999999998 0.022097222222222223
1 0.13953125 0.6794722222222223 0.022093750000000002 0.019666666666666666
1 0.2119140625 0.45095833333333335 0.0171015625 0.02175
1 0.3525390625 0.813375 0.0140625 0.024805555555555556
1 0.0380234375 0.5503472222222222 0.020023437499999998 0.023875
1 0.44409375000000006 0.5212638888888889 0.01040625 0.03216666666666667
1 0.33471875 0.6410555555555556 0.014226562500000001 0.021513888888888888
1 0.376953125 0.3630694444444445 0.015078125000000001 0.025194444444444446
1 0.7319375 0.5455694444444444 0.01621875 0.022444444444444444
0 0.14925 0.6835 0.0049375 0.007
0 0.18359375 0.8598055555555555 0.0056640625 0.009319444444444444