1 0.71240625 0.4869861111111111 0.013843749999999998 0.020388888888888887
1 0.54365625 0.44044444444444447 0.0090546875 0.018555555555555554
1 0.9135781250000001 0.5399305555555556 0.0232421875 0.02175
1 0.41675000000000006 0.24675 0.008125 0.020944444444444446
1 0.8447265625 0.46615277777777775 0.01525 0.01952777777777778
1 0.17846875 0.4887222222222222 0.0160234375 0.021680555555555554
1 0.7294921875 0.9192777777777777 0.0106953125 0.027000000000000003
1 0.732421875 0.46615277777777775 0.0140078125 0.02786111111111111
1 0.6762734375 0.7404583333333333 0.0072890625 0.014222222222222223
1 0.6665078125 0.500875 0.010859375000000001 0.020541666666666666
1 0.7475625 0.632375 0.015187500000000001 0.01591666666666667
1 0.8310546875 0.7339444444444445 0.013171875 0.022875
0 0.681640625 0.45790277777777777 0.0045703125 0.007763888888888889