1 0.806640625 0.38845833333333335 0.01525 0.01952777777777778
1 0.7036171875 0.6037361111111111 0.013171875 0.018361111111111113
1 0.7734375 0.6670972222222222 0.014671875000000001 0.01938888888888889
1 0.22888281250000003 0.454 0.0134296875 0.020388888888888887
1 0.7016640625 0.42577777777777776 0.0155390625 0.026583333333333334
1 0.8740234375 0.5525138888888889 0.0216484375 0.025
1 0.6886640625 0.3888333333333333 0.01428125 0.019152777777777776
1 0.6162109375 0.43772222222222223 0.014453125 0.022708333333333334
1 0.6762734375 0.7378472222222222 0.011734375 0.01597222222222222
1 0.43530468750000006 0.24544444444444444 0.007726562500000001 0.020694444444444446
1 0.5634765625 0.3339861111111111 0.0112421875 0.03261111111111111
1 0.6630859375 0.8897638888888889 0.013171875 0.02538888888888889
0 0.566484375 0.3424861111111111 0.004234375 0.009138888888888889