0 0.47485156249999994 0.53125 0.0054453125 0.010597222222222221
1 0.48657031249999994 0.15906944444444446 0.0153046875 0.033805555555555554
1 0.268796875 0.25543055555555555 0.011875 0.018722222222222223
1 0.62109375 0.17284722222222224 0.011734375 0.02415277777777778
1 0.44116406250000006 0.6471388888888889 0.0082578125 0.019083333333333334
1 0.68115625 0.5651111111111111 0.010007812500000001 0.020694444444444446
1 0.2028828125 0.14702777777777779 0.0111171875 0.018430555555555554
1 0.0987578125 0.4835138888888889 0.0185390625 0.020541666666666666
1 0.8266640625000001 0.5199722222222222 0.0167265625 0.02731944444444445
1 0.7099609375 0.7183194444444445 0.0167265625 0.022097222222222223
1 0.59375 0.8724027777777777 0.00803125 0.01659722222222222
1 0.3908671875 0.8719583333333333 0.012531249999999999 0.02690277777777778
1 0.4781953125 0.5161944444444445 0.009390625 0.024944444444444446