1 0.65234375 0.5021666666666667 0.0171015625 0.03090277777777778
1 0.8507187500000001 0.949763888888889 0.015140625 0.03158333333333333
1 0.59375 0.7751805555555555 0.0079375 0.025875
1 0.8627968750000001 0.5390694444444445 0.016921875 0.025583333333333336
1 0.49340624999999994 0.6276111111111111 0.0102109375 0.021930555555555554
1 0.9487343750000001 0.6315138888888889 0.023070312500000002 0.016930555555555556
1 0.724125 0.5585972222222222 0.013125000000000001 0.018361111111111113
1 0.3962421875 0.25281944444444443 0.0096328125 0.018430555555555554
1 0.751953125 0.7591111111111111 0.0174375 0.020541666666666666
1 0.15503125 0.48568055555555556 0.013218750000000001 0.017
1 0.869140625 0.8728333333333335 0.016921875 0.027000000000000003
0 0.8422890625000001 0.9288194444444444 0.0048515625 0.008652777777777778
1 0.7129531250000001 0.5673611111111111 0.0125390625 0.018000000000000002