1 0.443359375 0.4244861111111111 0.009375 0.014958333333333332
1 0.5390625 0.27408333333333335 0.010453125 0.023416666666666665
1 0.505375 0.6111111111111112 0.0094140625 0.022444444444444444
1 0.6528359375 0.5295138888888888 0.0119140625 0.02227777777777778
1 0.3654765625 0.3713055555555555 0.0106953125 0.01938888888888889
1 0.479984375 0.45095833333333335 0.0151328125 0.02227777777777778
1 0.45874218750000006 0.25022222222222223 0.0136875 0.029944444444444444
1 0.56396875 0.563375 0.0079375 0.01673611111111111
1 0.41382031250000006 0.7578194444444445 0.011375 0.022194444444444444
1 0.42749218750000006 0.5499166666666666 0.008640625 0.016930555555555556
1 0.48266406249999994 0.5104166666666666 0.01178125 0.021680555555555554
0 0.4697265625 0.5169305555555556 0.004734375 0.008625
1 0.4938203125 0.6911388888888889 0.009265625 0.01640277777777778