1 0.49609375 0.19879166666666667 0.0124296875 0.021597222222222223
1 0.25659375 0.3799861111111111 0.011828125 0.01976388888888889
1 0.66228125 0.5686388888888889 0.015984375000000002 0.013986111111111112
1 0.6059609375 0.2569444444444444 0.0112421875 0.029166666666666667
1 0.630859375 0.7647638888888889 0.009820312500000001 0.02126388888888889
1 0.5626562500000001 0.8861805555555555 0.013804687500000001 0.026625000000000003
1 0.2185078125 0.2033472222222222 0.013796875 0.034402777777777775
1 0.369875 0.8524305555555556 0.008578125 0.02297222222222222
1 0.08447656249999999 0.5052083333333334 0.0197109375 0.019305555555555555
1 0.8061562500000001 0.5651111111111111 0.0174375 0.02305555555555556
1 0.44800000000000006 0.6870694444444444 0.0110703125 0.021180555555555557
1 0.4775390625 0.42079166666666673 0.008953125000000001 0.01347222222222222
0 0.5585312499999999 0.8669166666666666 0.0052578125 0.0077777777777777776