1 0.4000859375 0.6747916666666667 0.021859375 0.0225
1 0.1845703125 0.8589444444444445 0.0158359375 0.02423611111111111
1 0.12594531250000002 0.6822916666666666 0.0194296875 0.021430555555555557
1 0.42114062499999994 0.3680555555555556 0.01040625 0.025694444444444443
1 0.2053203125 0.4496527777777778 0.0121953125 0.016291666666666666
1 0.033328125 0.555125 0.018125 0.018430555555555554
1 0.3774453125 0.35872222222222216 0.01428125 0.024333333333333332
1 0.229734375 0.21843055555555557 0.0127265625 0.018722222222222223
1 0.736328125 0.5434027777777778 0.0135859375 0.020305555555555556
1 0.3342265625 0.6410555555555556 0.0137421875 0.020388888888888887
1 0.44555468749999994 0.5133194444444444 0.0073203124999999996 0.020666666666666667
1 0.3552265625 0.8120694444444445 0.0091953125 0.020069444444444442
0 0.14021875 0.68325 0.0063125 0.008736111111111111