1 0.126828125 0.477 0.0130703125 0.019680555555555555
1 0.61571875 0.7703888888888888 0.01578125 0.030805555555555555
1 0.612796875 0.6440972222222222 0.015484375 0.018583333333333334
1 0.5625 0.5355972222222222 0.013125000000000001 0.022347222222222223
1 0.7509765625 0.5980972222222222 0.012773437500000002 0.023333333333333334
1 0.3517109375 0.7477638888888889 0.012632812500000002 0.025249999999999998
1 0.6606484375 0.3181388888888889 0.0148984375 0.018791666666666665
1 0.8798828125 0.5412361111111111 0.018234375 0.024430555555555556
1 0.49340624999999994 0.4622361111111111 0.015015625 0.026583333333333334
1 0.3056640625 0.26605555555555555 0.0094140625 0.018583333333333334
0 0.73975 0.4934861111111111 0.0045546875 0.007847222222222222
1 0.751953125 0.4791666666666667 0.0256171875 0.027625
1 0.4809609375 0.8203194444444445 0.009523437499999999 0.014777777777777779