1 0.44018750000000006 0.39105555555555555 0.009234375 0.017527777777777778
1 0.45629687499999994 0.25369444444444444 0.012921875 0.02731944444444445
1 0.3799296875 0.3302083333333333 0.011828125 0.018708333333333334
1 0.513671875 0.7465277777777778 0.008515625 0.022444444444444444
1 0.541015625 0.24956944444444445 0.012773437500000002 0.02359722222222222
1 0.41186718750000006 0.8168472222222222 0.013484375000000002 0.023333333333333334
1 0.5673828125 0.5659722222222222 0.0082890625 0.024708333333333332
1 0.53515625 0.45920833333333333 0.00878125 0.024527777777777777
1 0.423828125 0.5959166666666667 0.009125 0.019680555555555555
1 0.49576562500000004 0.6285277777777778 0.0165 0.03254166666666666
0 0.48022656250000006 0.5499166666666666 0.0041640625 0.008958333333333334
1 0.6898515625 0.5996250000000001 0.013640625 0.01840277777777778
1 0.4770546875 0.453125 0.014226562500000001 0.024333333333333332