1 0.495203125 0.31380555555555556 0.012328124999999999 0.02126388888888889
1 0.44800000000000006 0.24891666666666667 0.00978125 0.01984722222222222
1 0.7543984375 0.546875 0.01634375 0.02201388888888889
1 0.6376953125 0.5425416666666667 0.0122890625 0.025777777777777774
1 0.5751953125 0.6315138888888889 0.008 0.01961111111111111
1 0.6318359375 0.25608333333333333 0.011421875 0.025486111111111112
1 0.472171875 0.8485277777777779 0.00996875 0.021430555555555557
1 0.45141406249999994 0.4587638888888889 0.013171875 0.026291666666666665
1 0.52734375 0.7087638888888889 0.0112421875 0.030305555555555554
0 0.51709375 0.5811666666666666 0.0041640625 0.008722222222222223
1 0.48559374999999994 0.3956111111111111 0.01428125 0.026194444444444444
1 0.4296875 0.5395 0.013375000000000001 0.022625
1 0.3950546875 0.3473333333333333 0.014828125000000001 0.022833333333333334