1 0.43871874999999994 0.4557361111111111 0.012148437500000001 0.028486111111111115
1 0.317140625 0.8120694444444445 0.0110703125 0.020305555555555556
1 0.5595703125 0.6861944444444444 0.0198359375 0.022347222222222223
1 0.472171875 0.5351527777777778 0.014835937499999998 0.03827777777777778
1 0.601078125 0.44336111111111115 0.01871875 0.018722222222222223
1 0.12445312500000001 0.4743888888888889 0.0140078125 0.020069444444444442
1 0.42964062500000005 0.8309166666666666 0.0126796875 0.01922222222222222
1 0.48657031249999994 0.7374166666666667 0.01815625 0.025097222222222222
1 0.49487500000000006 0.27170833333333333 0.0141171875 0.028055555555555556
0 0.569828125 0.7591111111111111 0.0037343750000000003 0.009027777777777777
1 0.271 0.26366666666666666 0.0084453125 0.015013888888888889
1 0.552734375 0.7799444444444443 0.0216953125 0.035402777777777776
1 0.8223593749999999 0.5961944444444445 0.0164140625 0.026541666666666665