1 0.21021874999999998 0.14830555555555555 0.0155078125 0.022263888888888892
1 0.099828125 0.4837916666666666 0.021351562499999997 0.024333333333333332
1 0.47525000000000006 0.5162222222222222 0.009078125 0.014222222222222223
0 0.4740078125 0.5331805555555555 0.00659375 0.011916666666666667
1 0.43988281249999994 0.648361111111111 0.00978125 0.020041666666666666
1 0.8254765624999999 0.522 0.020046875 0.028694444444444446
1 0.6878984375 0.5605 0.012125 0.023888888888888887
1 0.60221875 0.8404305555555556 0.011140625 0.027305555555555555
1 0.706078125 0.7161111111111111 0.0161796875 0.03525
1 0.40592187500000004 0.871736111111111 0.014445312499999998 0.025875
1 0.4852890625 0.1588611111111111 0.0161328125 0.028916666666666667
1 0.61884375 0.17272222222222222 0.013734374999999998 0.022916666666666665
1 0.272484375 0.22695833333333332 0.0124140625 0.016138888888888887