1 0.67578125 0.7374166666666667 0.01146875 0.01801388888888889
1 0.4296875 0.25043055555555555 0.0067734375 0.013736111111111112
1 0.79296875 0.6827222222222222 0.0135859375 0.018791666666666665
1 0.7177734375 0.42165277777777777 0.0135859375 0.029263888888888888
1 0.205078125 0.47005555555555556 0.013218750000000001 0.020388888888888887
1 0.8862343750000001 0.5442777777777777 0.019609375000000002 0.023333333333333334
1 0.8178750000000001 0.41015277777777776 0.01634375 0.025194444444444446
1 0.5512734375 0.37651388888888887 0.0095625 0.03233333333333333
1 0.7153359375 0.6158888888888889 0.0178515625 0.019916666666666666
1 0.6391640625 0.45616666666666666 0.00996875 0.022527777777777775
0 0.578125 0.3715277777777778 0.0043828125 0.01186111111111111
1 0.6840859375 0.8923611111111112 0.013171875 0.024527777777777777
1 0.69678125 0.42144444444444445 0.012867187499999998 0.026375