1 0.8608437500000001 0.48741666666666666 0.01571875 0.0185
1 0.69678125 0.6419305555555556 0.01178125 0.022097222222222223
1 0.1551796875 0.486375 0.0181015625 0.0225
1 0.38428125 0.2647638888888889 0.008375 0.022805555555555558
1 0.7469140624999999 0.5533194444444445 0.013726562500000001 0.015166666666666667
1 0.46084375 0.6764444444444445 0.012632812500000002 0.02545833333333333
1 0.9526406250000001 0.6341111111111111 0.0244296875 0.016930555555555556
1 0.8930703125000001 0.8229166666666666 0.0186171875 0.025875
1 0.601078125 0.49695833333333334 0.0166640625 0.026805555555555558
1 0.5829296875 0.8204861111111111 0.0088203125 0.027680555555555555
1 0.8618203125000001 0.9626805555555555 0.017046875 0.028833333333333336
1 0.734375 0.7990416666666665 0.012484375 0.04106944444444444
0 0.8544921875 0.9392361111111112 0.0045703125 0.00938888888888889