1 0.48559374999999994 0.15983333333333333 0.014226562500000001 0.03247222222222222
1 0.601078125 0.8932361111111111 0.011960937500000001 0.029736111111111112
1 0.6201171875 0.17502777777777778 0.0122890625 0.026583333333333334
1 0.389890625 0.8689305555555555 0.0098984375 0.018083333333333333
1 0.6782265625 0.5620694444444444 0.009125 0.02061111111111111
1 0.4775625 0.5190277777777778 0.008328125 0.017361111111111112
1 0.202390625 0.15320833333333334 0.01615625 0.017
1 0.090390625 0.48654166666666665 0.02034375 0.020388888888888887
1 0.263671875 0.30077777777777776 0.0136875 0.024611111111111108
1 0.833984375 0.5221388888888889 0.0135859375 0.024708333333333332
1 0.43969531249999994 0.6462638888888889 0.00821875 0.017652777777777778
0 0.45141406249999994 0.6241388888888889 0.0039921875 0.008097222222222223
1 0.708984375 0.719625 0.012234375 0.02423611111111111