1 0.8583984375 0.5408055555555555 0.0179921875 0.020694444444444446
1 0.6728515625 0.7413194444444444 0.013218750000000001 0.02773611111111111
1 0.75146875 0.6493055555555556 0.012671874999999999 0.021430555555555557
1 0.5908203125 0.44140277777777776 0.009671875 0.01865277777777778
1 0.786625 0.367625 0.0191953125 0.024611111111111108
1 0.6767578125 0.4268611111111111 0.01571875 0.02711111111111111
1 0.6806640625 0.35330555555555554 0.0119140625 0.024333333333333332
1 0.6845703125 0.5872361111111111 0.01353125 0.017125
1 0.6381875 0.8915 0.0140625 0.022097222222222223
1 0.55859375 0.3229166666666667 0.0084765625 0.01952777777777778
1 0.440921875 0.24544444444444444 0.0065859375 0.011805555555555555
1 0.2563515625 0.4357638888888889 0.0173046875 0.02201388888888889
0 0.5454140625 0.3355 0.00446875 0.008097222222222223