0 0.42334375 0.3068611111111111 0.0040390625 0.008125
1 0.6469765625 0.3292083333333333 0.013328125 0.020694444444444446
1 0.6337890625 0.41797222222222224 0.013632812499999999 0.026805555555555558
1 0.6552734375 0.7148472222222223 0.0123359375 0.01916666666666667
1 0.6591796875 0.5794305555555556 0.0154296875 0.022444444444444444
1 0.759765625 0.3517777777777778 0.013218750000000001 0.023416666666666665
1 0.8335000000000001 0.5091111111111111 0.0186171875 0.022805555555555558
1 0.710453125 0.6458333333333334 0.011734375 0.01952777777777778
1 0.284671875 0.40494444444444444 0.012484375 0.02227777777777778
1 0.4413828125 0.2501805555555556 0.011601562499999999 0.018680555555555554
1 0.596796875 0.8864722222222222 0.014851562500000002 0.018875
1 0.5258828125 0.31466666666666665 0.0082890625 0.01615277777777778
1 0.562015625 0.46094444444444443 0.0077578125 0.020305555555555556