1 0.478125 0.513625 0.0084296875 0.017972222222222223
1 0.44153125 0.6459722222222223 0.010687499999999999 0.01788888888888889
1 0.6804609375 0.5636666666666666 0.01190625 0.021722222222222223
1 0.3908828125 0.8666527777777778 0.0157890625 0.023916666666666666
1 0.592453125 0.8708611111111111 0.013242187499999999 0.028569444444444446
1 0.268078125 0.2614166666666667 0.012875000000000001 0.02356944444444444
1 0.0979609375 0.4791527777777778 0.0217421875 0.021111111111111112
1 0.20445312499999999 0.14855555555555555 0.013820312500000001 0.017444444444444446
1 0.8262578125 0.5175833333333334 0.0201640625 0.029777777777777778
1 0.7104453125 0.7172638888888888 0.019015625 0.02809722222222222
1 0.6201640625 0.16958333333333334 0.014921875000000001 0.025249999999999998
1 0.48650000000000004 0.15520833333333334 0.0161640625 0.02634722222222222
0 0.4749140625 0.5314166666666666 0.0060078125 0.011013888888888889