1 0.2822265625 0.41211111111111115 0.0140078125 0.021430555555555557
1 0.7622109375 0.3524305555555556 0.01578125 0.023416666666666665
1 0.5302734375 0.32616666666666666 0.0105703125 0.04172222222222222
1 0.663578125 0.5798611111111112 0.013375000000000001 0.020305555555555556
1 0.5654296875 0.46094444444444443 0.012921875 0.025
1 0.6376953125 0.4201388888888889 0.01571875 0.029263888888888888
1 0.7163125 0.6436666666666666 0.0091953125 0.017388888888888888
1 0.6538125 0.32855555555555555 0.009484375 0.02061111111111111
1 0.8369140625 0.5151944444444444 0.01525 0.01998611111111111
1 0.6005859375 0.8845555555555555 0.0105703125 0.021680555555555554
1 0.6611328125 0.719625 0.006390625 0.015361111111111112
1 0.443546875 0.2540972222222222 0.0091484375 0.023875
0 0.4375 0.31098611111111113 0.00421875 0.008486111111111111