1 0.612796875 0.7564166666666666 0.0151640625 0.020569444444444446
1 0.1584453125 0.48525 0.014499999999999999 0.02175
1 0.8515625 0.5681388888888889 0.0173046875 0.018583333333333334
1 0.841796875 0.8819444444444444 0.0173828125 0.025777777777777774
1 0.6899453125 0.48220833333333335 0.0185078125 0.025694444444444443
1 0.7089296875 0.5549583333333333 0.012148437500000001 0.014499999999999999
1 0.7817421875 0.694875 0.0161015625 0.02369444444444444
1 0.8251953125 0.9357638888888888 0.014835937499999998 0.02227777777777778
0 0.7934609375 0.6788194444444444 0.00428125 0.008486111111111111
1 0.3898359375 0.2378888888888889 0.009140625 0.01633333333333333
1 0.95059375 0.6110416666666667 0.0195859375 0.05283333333333333
1 0.5114765625000001 0.5711111111111111 0.011 0.02740277777777778
1 0.7191796874999999 0.552 0.0125859375 0.014624999999999999