1 0.7094765625 0.5577222222222222 0.0111171875 0.02061111111111111
1 0.7861328125 0.6705694444444444 0.013171875 0.02369444444444444
1 0.70209375 0.4733611111111111 0.022789062500000002 0.029708333333333333
1 0.8432656250000001 0.8580694444444443 0.0158984375 0.024902777777777777
1 0.624515625 0.7647638888888889 0.0102109375 0.035541666666666666
1 0.1579609375 0.48306944444444444 0.01571875 0.01984722222222222
1 0.39184375 0.245875 0.0109453125 0.024902777777777777
1 0.8520546875000001 0.5664027777777778 0.016984375 0.021513888888888888
1 0.9526406250000001 0.5876805555555555 0.021484375 0.01952777777777778
0 0.7802734375 0.61025 0.0041328125 0.007666666666666666
1 0.517578125 0.555125 0.01053125 0.030083333333333333
1 0.8110390625000001 0.9270833333333334 0.018296875 0.027625
1 0.7196875 0.5538888888888889 0.0116484375 0.01970833333333333