1 0.1121796875 0.45790277777777777 0.017578125 0.01952777777777778
1 0.3620625 0.8012222222222222 0.011421875 0.0185
1 0.753421875 0.5121527777777778 0.0160234375 0.027000000000000003
1 0.388671875 0.5186666666666666 0.0109453125 0.020694444444444446
1 0.3142109375 0.5868055555555556 0.0124296875 0.020541666666666666
1 0.2756328125 0.8520000000000001 0.0119140625 0.023972222222222225
1 0.23522656249999999 0.22330555555555556 0.0136875 0.01886111111111111
1 0.37421875 0.24730555555555556 0.011578125 0.023708333333333335
1 0.318359375 0.4982638888888889 0.0104921875 0.015541666666666665
0 0.3264140625 0.578125 0.00375 0.006694444444444445
1 0.3403359375 0.5390694444444445 0.011640625 0.023333333333333334
1 0.380859375 0.3995277777777778 0.0173046875 0.03241666666666666
1 0.304203125 0.6844583333333334 0.015015625 0.020541666666666666