1 0.390625 0.8706666666666667 0.0137421875 0.026375
1 0.4763984375 0.5130555555555555 0.00834375 0.019875
1 0.4404296875 0.6458333333333334 0.008671874999999999 0.019083333333333334
1 0.266359375 0.2673611111111111 0.0147890625 0.026486111111111113
1 0.0953359375 0.4791666666666667 0.01890625 0.02175
1 0.679203125 0.5642361111111112 0.0095625 0.020944444444444446
1 0.593265625 0.8754305555555555 0.009710937499999999 0.021597222222222223
1 0.20544531250000003 0.15787500000000002 0.014171875 0.03173611111111111
1 0.48608593750000006 0.15961111111111112 0.0145546875 0.03216666666666667
1 0.6201171875 0.17372222222222222 0.012867187499999998 0.026805555555555558
1 0.7099609375 0.7174444444444443 0.011960937500000001 0.02086111111111111
1 0.8266640625000001 0.5208333333333334 0.0167265625 0.029833333333333333
0 0.4744453125 0.5316111111111111 0.0040546875 0.009777777777777778