1 0.45190625000000006 0.3246527777777778 0.010007812500000001 0.02013888888888889
1 0.5498046875 0.32552777777777775 0.0091640625 0.04138888888888889
1 0.779296875 0.4791666666666667 0.0148984375 0.02415277777777778
1 0.605484375 0.653 0.01525 0.017236111111111112
1 0.4365234375 0.23198611111111112 0.0084765625 0.01591666666666667
1 0.669921875 0.2847222222222222 0.015015625 0.026291666666666665
1 0.65771875 0.5833333333333334 0.01578125 0.03125
1 0.5154687499999999 0.8806527777777778 0.0158359375 0.020416666666666666
1 0.5234375 0.4053888888888889 0.0140078125 0.02415277777777778
1 0.47241406250000006 0.4908888888888889 0.00815625 0.012611111111111111
1 0.3108984375 0.34079166666666666 0.0140546875 0.025236111111111112
1 0.5805703125 0.7159583333333334 0.00946875 0.018472222222222223
0 0.3220234375 0.36045833333333327 0.0039921875 0.008097222222222223