1 0.58109375 0.5108194444444445 0.018320312499999998 0.01963888888888889
1 0.5380859375 0.33181944444444444 0.00821875 0.025
1 0.4580078125 0.277125 0.0148984375 0.03136111111111111
1 0.509765625 0.6714444444444444 0.009125 0.017722222222222223
1 0.27490625 0.8420138888888888 0.014499999999999999 0.02752777777777778
1 0.22107031250000003 0.5090416666666666 0.0135859375 0.016666666666666666
1 0.232359375 0.21355555555555555 0.013273437499999999 0.02736111111111111
1 0.48168749999999994 0.8802777777777777 0.011351562499999999 0.020319444444444446
1 0.23913281249999999 0.3943194444444445 0.0164609375 0.021680555555555554
1 0.41039843749999994 0.7122361111111111 0.0148984375 0.023416666666666665
1 0.0725078125 0.5065138888888889 0.018187500000000002 0.018583333333333334
1 0.796875 0.5546944444444445 0.01815625 0.025875
0 0.404359375 0.7108055555555555 0.004234375 0.009027777777777777