1 0.6755234375 0.5706805555555555 0.0141171875 0.021486111111111112
1 0.44840625 0.6568333333333334 0.011164062499999999 0.0275
1 0.4779453125 0.4643888888888889 0.0091640625 0.016166666666666666
1 0.66971875 0.7449305555555555 0.0125859375 0.022916666666666665
1 0.6025546875 0.8905833333333334 0.013359375000000001 0.029305555555555557
1 0.3862109375 0.862736111111111 0.011640625 0.029305555555555557
1 0.0877578125 0.48680555555555555 0.020374999999999997 0.021722222222222223
1 0.2586875 0.33631944444444445 0.013953125 0.025763888888888888
1 0.20945312500000002 0.17019444444444445 0.019265625 0.02227777777777778
1 0.4901328125 0.16718055555555555 0.0174296875 0.028180555555555556
1 0.6176171874999999 0.1850138888888889 0.01353125 0.026833333333333334
1 0.8375546875 0.5443611111111111 0.0189609375 0.022527777777777775
0 0.5934999999999999 0.710625 0.0055625 0.012638888888888889