1 0.23034374999999999 0.21843055555555557 0.0153671875 0.01865277777777778
1 0.050507812500000006 0.532125 0.0198671875 0.020944444444444446
1 0.43090624999999994 0.5195277777777778 0.01178125 0.02377777777777778
1 0.21154687499999997 0.8611111111111112 0.0166640625 0.02305555555555556
1 0.3427734375 0.6415 0.0123828125 0.017458333333333333
1 0.41528124999999994 0.3643611111111111 0.00821875 0.023500000000000004
1 0.341796875 0.6679722222222222 0.013328125 0.02022222222222222
1 0.22888281250000003 0.44379166666666664 0.0172421875 0.01615277777777778
1 0.167234375 0.648875 0.018125 0.01976388888888889
1 0.734375 0.5538194444444444 0.018234375 0.022805555555555558
1 0.34109375000000003 0.8183194444444445 0.0119453125 0.021486111111111112
0 0.189328125 0.5494861111111111 0.0043124999999999995 0.008291666666666666
1 0.3740234375 0.3802083333333333 0.015484375 0.026486111111111113