1 0.4259921875 0.747138888888889 0.016843749999999998 0.023930555555555556
1 0.397703125 0.23568055555555556 0.01428125 0.02538888888888889
1 0.12347656250000001 0.4743888888888889 0.0145546875 0.01923611111111111
1 0.244875 0.23568055555555556 0.01040625 0.017194444444444446
1 0.2836953125 0.84375 0.013953125 0.023972222222222225
1 0.3892890625 0.8017361111111111 0.0131015625 0.02101388888888889
1 0.76953125 0.5581666666666667 0.016921875 0.019305555555555555
1 0.396484375 0.4338055555555555 0.013023437500000002 0.022708333333333334
1 0.3618203125 0.67925 0.010859375000000001 0.02126388888888889
1 0.4165078125 0.48004166666666664 0.0151328125 0.02773611111111111
1 0.39721875 0.6076388888888888 0.008921875 0.015194444444444444
1 0.41382031250000006 0.5169305555555556 0.0090859375 0.018583333333333334
0 0.43401562499999996 0.7685000000000001 0.0040234375 0.008694444444444444