0 0.41224218749999997 0.7439444444444444 0.0056328125 0.011069444444444444
1 0.38785156249999997 0.2344027777777778 0.0179765625 0.030444444444444448
1 0.12396093749999999 0.46851388888888884 0.020835937500000002 0.029625
1 0.760265625 0.5475833333333333 0.019046874999999998 0.01970833333333333
1 0.2432265625 0.2310138888888889 0.017710937500000003 0.03240277777777777
1 0.27803125 0.8460972222222223 0.0129140625 0.026916666666666665
1 0.394234375 0.4274027777777778 0.022703124999999998 0.03323611111111111
1 0.39735156250000003 0.48636111111111113 0.0111328125 0.02454166666666667
1 0.4093671875 0.5116944444444445 0.0129140625 0.016625
1 0.372640625 0.5928194444444445 0.0204765625 0.026916666666666665
1 0.34147656249999997 0.6545555555555556 0.01246875 0.02375
1 0.381546875 0.796236111111111 0.014249999999999999 0.025333333333333333
1 0.398015625 0.71075 0.01603125 0.037986111111111116