1 0.6572265625 0.42295833333333327 0.0174375 0.03227777777777777
1 0.44409375000000006 0.25043055555555555 0.008640625 0.021027777777777777
0 0.50146875 0.3272638888888889 0.0039609375 0.007638888888888889
1 0.5381015625 0.33105555555555555 0.014656250000000001 0.023791666666666666
1 0.5786171875 0.44834722222222223 0.0078125 0.020694444444444446
1 0.6728515625 0.5820277777777778 0.0166640625 0.020944444444444446
1 0.6689453125 0.3350694444444444 0.00978125 0.018291666666666668
1 0.7329140625 0.6506111111111111 0.015078125000000001 0.027000000000000003
1 0.667484375 0.7295972222222221 0.011203125 0.021847222222222223
1 0.7763671875 0.35677777777777775 0.015015625 0.023416666666666665
1 0.84765625 0.5295138888888888 0.0193515625 0.025097222222222222
1 0.27075 0.42577777777777776 0.0134296875 0.017875
1 0.61865625 0.8867222222222223 0.0136875 0.02315277777777778