1 0.23010156249999997 0.21581944444444442 0.015078125000000001 0.018583333333333334
1 0.8042031250000001 0.5408055555555555 0.0193046875 0.02423611111111111
1 0.42992968749999994 0.8600416666666667 0.0098984375 0.02101388888888889
1 0.1702890625 0.5646666666666667 0.015671875 0.017069444444444443
1 0.20422656250000001 0.7994166666666668 0.02146875 0.022458333333333337
1 0.42797656249999994 0.31033333333333335 0.0151328125 0.025291666666666667
1 0.51953125 0.4930555555555556 0.00834375 0.018152777777777778
1 0.385265625 0.7049722222222222 0.0109140625 0.026486111111111113
1 0.48217968750000006 0.33225 0.013328125 0.024902777777777777
0 0.19653125 0.7235277777777779 0.0046796875 0.008097222222222223
1 0.46842187500000004 0.6887083333333334 0.0116484375 0.02427777777777778
1 0.066953125 0.55425 0.020171875 0.01984722222222222
1 0.219484375 0.43511111111111106 0.0135859375 0.021930555555555554