1 0.6743203125 0.736125 0.01303125 0.013444444444444445
1 0.75390625 0.6527777777777778 0.013218750000000001 0.017875
0 0.54834375 0.33594444444444443 0.0038125 0.007791666666666667
1 0.5922890625 0.4411944444444445 0.01178125 0.023333333333333334
1 0.681640625 0.35547222222222224 0.011164062499999999 0.018291666666666668
1 0.8588906250000001 0.5416666666666666 0.0185390625 0.02175
1 0.7895546875 0.3667638888888889 0.0170703125 0.018277777777777778
1 0.560546875 0.3222638888888889 0.0088828125 0.018930555555555558
1 0.6879921875 0.5911527777777777 0.012867187499999998 0.01901388888888889
1 0.6782265625 0.4303333333333333 0.0178515625 0.03065277777777778
1 0.442171875 0.2471111111111111 0.0103671875 0.01573611111111111
1 0.6391640625 0.890625 0.014171875 0.020069444444444442
1 0.253171875 0.43641666666666673 0.013796875 0.018291666666666668