1 0.6635078125 0.3351527777777778 0.0135703125 0.01886111111111111
1 0.66471875 0.7279444444444445 0.0123828125 0.018736111111111113
1 0.6538125 0.4201388888888889 0.0125703125 0.030083333333333333
1 0.44360156249999994 0.2497777777777778 0.00709375 0.017194444444444446
1 0.8461953125000001 0.5260416666666666 0.018265625 0.02731944444444445
1 0.2734375 0.4262222222222222 0.0140625 0.029944444444444444
1 0.671875 0.5807361111111111 0.013273437499999999 0.017652777777777778
1 0.57421875 0.45355555555555555 0.011828125 0.024611111111111108
1 0.7705078125 0.35525 0.0173046875 0.02305555555555556
1 0.5356484375 0.32705555555555554 0.01146875 0.023111111111111114
1 0.6162109375 0.8836805555555556 0.0102109375 0.020388888888888887
0 0.48266406249999994 0.32334722222222223 0.0045703125 0.008749999999999999
1 0.72803125 0.6440972222222222 0.015601562499999999 0.021180555555555557