1 0.49780468750000006 0.48177777777777775 0.012484375 0.018791666666666665
0 0.2954140625 0.28450000000000003 0.004179687499999999 0.008791666666666666
1 0.630859375 0.6445277777777778 0.011328125 0.01923611111111111
1 0.5928671875 0.7122916666666667 0.012796875 0.020805555555555556
1 0.536625 0.8806388888888889 0.00834375 0.019305555555555555
1 0.7890625 0.4522638888888889 0.01525 0.024805555555555556
1 0.4751015625 0.2992638888888889 0.0082890625 0.01865277777777778
1 0.4360390625 0.22916666666666666 0.009273437499999999 0.020069444444444442
1 0.5756875 0.3142361111111111 0.007609375 0.019083333333333334
1 0.6943359375 0.29491666666666666 0.013632812499999999 0.021430555555555557
1 0.654296875 0.5763888888888888 0.013484375000000002 0.022444444444444444
1 0.550296875 0.40906944444444443 0.01353125 0.028375
1 0.307375 0.26063888888888886 0.0160234375 0.027625