1 0.565921875 0.5013055555555556 0.0120078125 0.01984722222222222
1 0.2326640625 0.2153888888888889 0.0140625 0.02773611111111111
1 0.501953125 0.6866388888888889 0.01103125 0.030194444444444444
1 0.07146875 0.5065138888888889 0.0177734375 0.018291666666666668
1 0.5278359375 0.3350694444444444 0.008921875 0.023972222222222225
1 0.47339062500000006 0.8875833333333333 0.0105703125 0.025
1 0.40112500000000006 0.734375 0.010328125 0.021430555555555557
1 0.453125 0.2871111111111111 0.01578125 0.03136111111111111
1 0.2629375 0.8450555555555557 0.017578125 0.01998611111111111
1 0.2314453125 0.40234722222222224 0.0134296875 0.022097222222222223
1 0.21057031249999997 0.523875 0.014226562500000001 0.022527777777777775
1 0.806640625 0.5503472222222222 0.017578125 0.022805555555555558
0 0.3383828125 0.7408888888888889 0.0040390625 0.0071805555555555555