1 0.5775390625 0.5061527777777778 0.0105546875 0.019569444444444445
1 0.48013281250000006 0.8801666666666667 0.014484374999999999 0.022166666666666668
1 0.45824999999999994 0.27734722222222224 0.0155390625 0.033930555555555554
1 0.072265625 0.5065138888888889 0.018476562499999998 0.01998611111111111
1 0.27296875 0.8390972222222222 0.016484375000000002 0.023041666666666665
1 0.53515625 0.33355555555555555 0.010007812500000001 0.02369444444444444
1 0.40796093750000006 0.719625 0.015187500000000001 0.025
1 0.2326640625 0.21636111111111112 0.015187500000000001 0.033041666666666664
1 0.237796875 0.3949722222222222 0.01628125 0.019680555555555555
1 0.507328125 0.6731805555555556 0.010132812500000001 0.020388888888888887
1 0.21911718750000003 0.5138888888888888 0.0166640625 0.021680555555555554
1 0.7973671875 0.5529583333333333 0.0204140625 0.02538888888888889
0 0.4021328125 0.7121388888888889 0.0045546875 0.007944444444444445