1 0.22985937500000003 0.21983333333333333 0.012968750000000001 0.018083333333333333
1 0.344484375 0.6588611111111111 0.014226562500000001 0.02175
1 0.170046875 0.8450555555555557 0.015484375 0.021597222222222223
1 0.42016406249999994 0.6666666666666666 0.0091640625 0.019083333333333334
1 0.185546875 0.4338055555555555 0.0123359375 0.016027777777777776
1 0.45971875000000006 0.5039027777777778 0.0088828125 0.014833333333333334
1 0.3850078125 0.34158333333333335 0.014390625 0.029055555555555557
0 0.094109375 0.6703472222222222 0.005609375 0.00836111111111111
1 0.3715859375 0.8177083333333334 0.01178125 0.01923611111111111
1 0.43115625 0.35091666666666665 0.0108203125 0.019916666666666666
1 0.0270703125 0.5750833333333334 0.0151328125 0.020458333333333335
1 0.7464921875 0.5341944444444444 0.0221640625 0.02334722222222222
1 0.08428125 0.6650138888888889 0.0149921875 0.019055555555555555