1 0.6673046874999999 0.7573749999999999 0.011453125 0.018722222222222223
1 0.8530078124999999 0.4953472222222222 0.01890625 0.019583333333333335
1 0.67725 0.5368888888888889 0.0106953125 0.020541666666666666
1 0.7446328125 0.4600694444444444 0.013843749999999998 0.027944444444444445
1 0.9311562500000001 0.538625 0.022078125 0.02297222222222222
1 0.7622109375 0.6393194444444444 0.0180234375 0.025583333333333336
1 0.8388671875 0.7704027777777779 0.014671875000000001 0.035319444444444445
1 0.541015625 0.46658333333333335 0.0111171875 0.01513888888888889
1 0.41015625 0.24913888888888888 0.00790625 0.01586111111111111
0 0.710453125 0.4600694444444444 0.004265625 0.008319444444444445
1 0.7236328125 0.5130277777777777 0.0096328125 0.023875
1 0.1702890625 0.4861111111111111 0.014953125000000001 0.017597222222222222
1 0.7529296875 0.9210138888888889 0.0111171875 0.021347222222222222