1 0.6469765625 0.6484444444444445 0.015187500000000001 0.021180555555555557
0 0.3037109375 0.28168055555555555 0.0044531250000000005 0.008791666666666666
1 0.798828125 0.4596388888888889 0.01953125 0.022805555555555558
1 0.593265625 0.3181388888888889 0.0087109375 0.019916666666666666
1 0.7109375 0.3118472222222222 0.014453125 0.01976388888888889
1 0.568359375 0.4127638888888889 0.0140078125 0.026805555555555558
1 0.49047656249999994 0.2892777777777778 0.009335937499999999 0.025875
1 0.6533203125 0.5768194444444444 0.0136875 0.02061111111111111
1 0.6053046875 0.7104861111111112 0.012523437500000002 0.01786111111111111
1 0.43481249999999994 0.22916666666666666 0.0083125 0.01473611111111111
1 0.5131875 0.48133333333333334 0.009523437499999999 0.01938888888888889
1 0.3251953125 0.24566666666666667 0.0137421875 0.029486111111111112
1 0.5458984375 0.8841111111111111 0.012867187499999998 0.028055555555555556