1 0.4653359375 0.5342916666666666 0.011734375 0.025694444444444443
1 0.396 0.5616388888888889 0.0119140625 0.020069444444444442
1 0.3645 0.25993055555555555 0.013484375000000002 0.035180555555555555
1 0.525390625 0.2293888888888889 0.0106953125 0.029486111111111112
1 0.45083593750000006 0.8348333333333334 0.013609375000000002 0.03218055555555556
1 0.5024453125 0.4079861111111111 0.008984375 0.01923611111111111
1 0.5830078125 0.4479166666666667 0.015078125000000001 0.02773611111111111
1 0.1809453125 0.5703750000000001 0.017570312499999997 0.020819444444444446
1 0.587890625 0.704 0.014226562500000001 0.026083333333333333
1 0.279921875 0.7265555555555555 0.015484375 0.025875
1 0.4267578125 0.5868055555555556 0.0070078125 0.014444444444444446
1 0.49106249999999996 0.7510972222222222 0.0095546875 0.02402777777777778
0 0.5771328125 0.4387777777777778 0.006101562499999999 0.011986111111111112