1 0.320796875 0.6263055555555556 0.014328125 0.034777777777777776
1 0.4038125 0.5303888888888889 0.0130703125 0.035041666666666665
1 0.22778125 0.4605 0.0249296875 0.02690277777777778
1 0.3461953125 0.8354999999999999 0.01525 0.03159722222222222
1 0.3725625 0.38823611111111106 0.0174375 0.027430555555555555
1 0.3962421875 0.32379166666666664 0.0140625 0.043597222222222225
1 0.241953125 0.8535277777777778 0.020617187500000002 0.017833333333333333
1 0.073546875 0.48915277777777777 0.0204453125 0.02086111111111111
1 0.7475625 0.5434027777777778 0.019015625 0.042180555555555554
1 0.23211718750000002 0.22005555555555556 0.0163515625 0.02340277777777778
1 0.20009375000000001 0.6258888888888888 0.0138125 0.016166666666666666
1 0.33497656249999996 0.6135277777777778 0.013398437499999999 0.0185
0 0.23977343750000002 0.465375 0.0048359375 0.010944444444444444