1 0.4790078125 0.45095833333333335 0.014335937500000001 0.024527777777777777
1 0.36706249999999996 0.33191666666666664 0.011476562499999999 0.01640277777777778
1 0.4575234375 0.2450138888888889 0.010609375 0.01615277777777778
1 0.5625 0.5620694444444444 0.0078125 0.017263888888888888
1 0.5029296875 0.6293472222222222 0.0090859375 0.020388888888888887
1 0.40453906249999994 0.7808194444444445 0.0112421875 0.02377777777777778
1 0.4399453125 0.41211111111111115 0.0084140625 0.01411111111111111
1 0.536625 0.27408333333333335 0.010249999999999999 0.023500000000000004
0 0.46875 0.5173611111111112 0.0040859375 0.007819444444444445
1 0.5128125 0.723 0.0089296875 0.02263888888888889
1 0.42260937500000006 0.5928888888888889 0.0084140625 0.018430555555555554
1 0.522953125 0.47265277777777776 0.0074296875 0.021597222222222223
1 0.6606484375 0.5794305555555556 0.011164062499999999 0.036291666666666667