1 0.155640625 0.4869861111111111 0.01353125 0.018152777777777778
1 0.59521875 0.7734444444444445 0.0103671875 0.03901388888888889
1 0.8623046875 0.5473055555555556 0.0178515625 0.021847222222222223
1 0.8657265625000001 0.8793472222222222 0.0161015625 0.03295833333333333
1 0.94921875 0.632375 0.0229375 0.017791666666666667
1 0.6586953125 0.500875 0.0161015625 0.031
1 0.3950234375 0.2526111111111111 0.0100546875 0.021027777777777777
1 0.8510781250000001 0.9513888888888888 0.014453125 0.022527777777777775
1 0.757703125 0.7545972222222221 0.014445312499999998 0.025680555555555554
1 0.7244140625 0.5576527777777778 0.008367187500000001 0.012277777777777778
1 0.495609375 0.6224027777777777 0.009015625 0.01952777777777778
0 0.8427734375 0.9305555555555556 0.0045078125 0.008861111111111111
1 0.712703125 0.5629444444444445 0.01584375 0.014138888888888888