1 0.11200000000000002 0.4583333333333333 0.01771875 0.01998611111111111
1 0.3643125 0.8005972222222222 0.014359374999999999 0.01934722222222222
1 0.3811015625 0.393875 0.015601562499999999 0.025
1 0.23474218750000003 0.22418055555555555 0.013218750000000001 0.018722222222222223
1 0.2758828125 0.8520000000000001 0.012148437500000001 0.02377777777777778
1 0.3889140625 0.5182361111111111 0.011328125 0.02227777777777778
1 0.3743984375 0.24915277777777775 0.013125000000000001 0.025791666666666668
1 0.304203125 0.6844583333333334 0.015078125000000001 0.020388888888888887
1 0.3142109375 0.5868055555555556 0.0124296875 0.020388888888888887
1 0.3193359375 0.5060833333333333 0.012234375 0.02690277777777778
0 0.3266640625 0.578125 0.00378125 0.006819444444444445
1 0.3403359375 0.5390694444444445 0.0115078125 0.023333333333333334
1 0.7528671874999999 0.5143055555555556 0.017765625 0.026375