1 0.09253125 0.47826388888888893 0.0192734375 0.0225
1 0.485890625 0.15730555555555556 0.017421875 0.03083333333333333
1 0.20725 0.15426388888888887 0.0195625 0.024736111111111108
1 0.2650078125 0.26966666666666667 0.017703125 0.025569444444444443
1 0.826359375 0.519 0.01984375 0.03077777777777778
1 0.7088515625 0.7180694444444444 0.0161328125 0.029875000000000002
1 0.6789375 0.5616527777777778 0.013710937500000001 0.024708333333333332
1 0.44134375 0.6455277777777777 0.010562499999999999 0.021875
1 0.38915625 0.8669444444444445 0.016703125 0.026069444444444444
1 0.594625 0.8760833333333333 0.016421875 0.026083333333333333
1 0.4775390625 0.5119305555555556 0.0075703125 0.019680555555555555
1 0.6196796875 0.172125 0.014851562500000002 0.026958333333333334
0 0.47437500000000005 0.530375 0.005640625 0.010861111111111111