1 0.383546875 0.6788194444444444 0.0153046875 0.02013888888888889
1 0.3359375 0.6410555555555556 0.0146171875 0.021111111111111112
1 0.0374765625 0.54775 0.0185859375 0.02061111111111111
1 0.229734375 0.22005555555555556 0.014953125000000001 0.022097222222222223
1 0.1904296875 0.86025 0.01678125 0.02175
1 0.3759765625 0.367625 0.015078125000000001 0.02773611111111111
1 0.4423828125 0.5147638888888889 0.009335937499999999 0.01938888888888889
1 0.214359375 0.45052777777777775 0.01571875 0.02359722222222222
1 0.348875 0.8159722222222222 0.011375 0.022527777777777775
0 0.1536875 0.6844583333333334 0.0048125 0.008583333333333333
1 0.1427421875 0.6790416666666667 0.019390625 0.033805555555555554
1 0.4189453125 0.37066666666666664 0.009820312500000001 0.02126388888888889
1 0.7314453125 0.5460138888888889 0.013125000000000001 0.02061111111111111