1 0.38428125 0.4079861111111111 0.0140625 0.024805555555555556
1 0.377265625 0.23856944444444445 0.0152578125 0.022319444444444444
1 0.1201171875 0.4667083333333333 0.0223671875 0.023166666666666665
1 0.3967265625 0.5147638888888889 0.010171875 0.021027777777777777
0 0.3603515625 0.6957361111111111 0.0043984375 0.007680555555555556
1 0.755859375 0.5204027777777778 0.0186953125 0.01822222222222222
1 0.23498437499999997 0.22765277777777776 0.014226562500000001 0.021027777777777777
1 0.345703125 0.6944444444444444 0.010609375 0.03040277777777778
1 0.369140625 0.7934027777777778 0.0081875 0.015361111111111112
1 0.3540234375 0.4959027777777778 0.0164765625 0.020291666666666666
1 0.2775859375 0.8489583333333334 0.011828125 0.027625
1 0.317875 0.6037361111111111 0.011164062499999999 0.026291666666666665
1 0.348328125 0.5610555555555555 0.0114609375 0.02427777777777778