1 0.44018750000000006 0.41427777777777774 0.00996875 0.01591666666666667
1 0.45922656249999994 0.2497777777777778 0.0123359375 0.025097222222222222
1 0.6630859375 0.5811666666666666 0.010609375 0.03770833333333333
1 0.5380859375 0.2753888888888889 0.0102109375 0.024055555555555556
1 0.5131875 0.7226527777777777 0.007515625 0.01998611111111111
1 0.36865625 0.3374583333333333 0.013171875 0.028833333333333336
1 0.564453125 0.5646666666666667 0.008515625 0.017722222222222223
1 0.50390625 0.6302083333333334 0.008546874999999999 0.019458333333333334
1 0.5244140625 0.4730972222222222 0.0073203124999999996 0.019458333333333334
1 0.48046875 0.453125 0.0155390625 0.025
1 0.4243203125 0.594625 0.007789062500000001 0.017069444444444443
1 0.40625 0.7786527777777777 0.0111171875 0.02061111111111111
0 0.4697265625 0.5182361111111111 0.0043828125 0.007875