1 0.3151875 0.35872222222222216 0.012625 0.02297222222222222
1 0.48949999999999994 0.27994444444444444 0.010906250000000001 0.02538888888888889
1 0.378171875 0.7204861111111112 0.0158359375 0.03209722222222222
1 0.616703125 0.5247361111111111 0.01178125 0.02359722222222222
1 0.3342265625 0.6171944444444445 0.0145546875 0.024333333333333332
1 0.4091796875 0.44140277777777776 0.0100546875 0.021111111111111112
1 0.4571171875 0.2291527777777778 0.014624999999999999 0.02665277777777778
1 0.5317421875 0.5069444444444444 0.0081875 0.02013888888888889
1 0.4506875 0.7018194444444444 0.009671875 0.013625
1 0.45678906250000006 0.4704861111111111 0.014499999999999999 0.028833333333333336
1 0.4697265625 0.6328194444444445 0.008125 0.02086111111111111
1 0.3837890625 0.5616388888888889 0.008546874999999999 0.014680555555555556
0 0.3837890625 0.7092083333333333 0.0043671874999999995 0.00836111111111111