1 0.5376015625 0.27408333333333335 0.0102890625 0.023333333333333334
1 0.4399453125 0.41427777777777774 0.00996875 0.017652777777777778
1 0.45874218750000006 0.2506527777777778 0.013484375000000002 0.028944444444444443
1 0.5131875 0.7243888888888889 0.0082578125 0.02305555555555556
1 0.47973437499999994 0.45095833333333335 0.014734375 0.024430555555555556
1 0.3674296875 0.3315972222222222 0.0112421875 0.01901388888888889
1 0.503421875 0.6289027777777778 0.0090546875 0.019680555555555555
1 0.5634765625 0.5625 0.007640625 0.016027777777777776
1 0.42334375 0.5924444444444444 0.0081875 0.01822222222222222
1 0.40551562499999994 0.7808194444444445 0.011203125 0.02323611111111111
1 0.5239296875 0.47179166666666666 0.0074296875 0.02061111111111111
1 0.661625 0.5894166666666667 0.011875 0.05452777777777777
0 0.4692421875 0.5169305555555556 0.004179687499999999 0.007819444444444445