1 0.7607421875 0.5325555555555556 0.01771875 0.02305555555555556
1 0.40698437500000006 0.34049999999999997 0.0105703125 0.023500000000000004
1 0.6333046875 0.25043055555555555 0.0122890625 0.026194444444444444
1 0.6489296875 0.5555555555555556 0.012625 0.02022222222222222
1 0.4965859375 0.4010416666666667 0.013023437500000002 0.029055555555555557
1 0.5087890625 0.30990277777777775 0.0121953125 0.017138888888888888
1 0.429203125 0.5251805555555555 0.011289062499999999 0.02415277777777778
1 0.4078984375 0.42674999999999996 0.00815625 0.02013888888888889
1 0.57959375 0.6345555555555555 0.0104921875 0.017944444444444443
1 0.44604687500000006 0.24761111111111112 0.0088515625 0.015194444444444444
1 0.4833984375 0.8545972222222221 0.01053125 0.01916666666666667
1 0.5378828125 0.7080555555555555 0.0130703125 0.020541666666666666
0 0.4137421875 0.4497083333333334 0.0055390625 0.008597222222222223