1 0.155640625 0.48525 0.0166640625 0.018722222222222223
1 0.7431640625 0.5603333333333333 0.0190859375 0.01961111111111111
1 0.8940468750000001 0.7829861111111112 0.01628125 0.02297222222222222
1 0.8715859375000001 0.9626805555555555 0.014335937500000001 0.022625
1 0.3720703125 0.26931944444444444 0.011203125 0.025986111111111113
1 0.580078125 0.4869861111111111 0.0136875 0.02227777777777778
1 0.8466796875 0.4605 0.01621875 0.01916666666666667
1 0.698734375 0.6501805555555555 0.011164062499999999 0.019680555555555555
1 0.43896875 0.6983472222222222 0.0079375 0.01976388888888889
1 0.571578125 0.8257222222222222 0.0134453125 0.019458333333333334
1 0.953125 0.6367222222222222 0.026546874999999998 0.01634722222222222
0 0.8583984375 0.9435833333333333 0.0053203124999999995 0.009986111111111112
1 0.711828125 0.8040972222222222 0.01640625 0.02352777777777778