1 0.5923125 0.7130972222222222 0.014249999999999999 0.016875
1 0.5727578125 0.3135833333333333 0.010132812500000001 0.018152777777777778
1 0.5473671875 0.4079861111111111 0.0138984375 0.02731944444444445
1 0.47339062500000006 0.29991666666666666 0.0088828125 0.017597222222222222
1 0.4970703125 0.4835138888888889 0.014453125 0.026583333333333334
1 0.626953125 0.6454027777777778 0.014835937499999998 0.018930555555555558
1 0.788578125 0.45181944444444444 0.0165859375 0.024430555555555556
0 0.2951640625 0.28429166666666666 0.0045234375 0.008930555555555554
1 0.6923828125 0.2957916666666667 0.011828125 0.02077777777777778
1 0.4365234375 0.22720833333333335 0.0086171875 0.01659722222222222
1 0.6542109375 0.5719444444444445 0.012921875 0.01922222222222222
1 0.5328984375 0.8819444444444444 0.0151171875 0.02213888888888889
1 0.302734375 0.26302777777777775 0.008953125000000001 0.020694444444444446