1 0.427734375 0.45269444444444445 0.013125000000000001 0.025194444444444446
1 0.12445312500000001 0.4756944444444444 0.0148984375 0.021930555555555554
1 0.46410937499999994 0.25825 0.012968750000000001 0.021513888888888888
1 0.3111484375 0.8203333333333334 0.01040625 0.020694444444444446
1 0.5205078125 0.6714444444444444 0.0158984375 0.024805555555555556
1 0.4580078125 0.5290833333333333 0.0112421875 0.017069444444444443
1 0.4185078125 0.8299444444444444 0.013664062499999999 0.01941666666666667
1 0.5205078125 0.7942777777777777 0.01615625 0.03198611111111111
1 0.266359375 0.26366666666666666 0.014499999999999999 0.024055555555555556
1 0.45981249999999996 0.7337499999999999 0.0097421875 0.01598611111111111
1 0.8097265625000001 0.59875 0.0164140625 0.024694444444444446
1 0.5546875 0.44834722222222223 0.01809375 0.017944444444444443
0 0.533484375 0.7899999999999999 0.0039921875 0.007791666666666667