1 0.45815625000000004 0.25094444444444447 0.015867187499999998 0.020888888888888887
0 0.484375 0.5625 0.004179687499999999 0.008097222222222223
1 0.385890625 0.3371111111111111 0.011078125 0.017847222222222223
1 0.69678125 0.602 0.0120078125 0.023500000000000004
1 0.4985390625 0.6354166666666666 0.009601562499999999 0.021111111111111112
1 0.5415078125 0.45269444444444445 0.009453125 0.01586111111111111
1 0.548828125 0.24913888888888888 0.009523437499999999 0.024805555555555556
1 0.44311718750000006 0.387375 0.0095625 0.022805555555555558
1 0.4282265625 0.5950555555555556 0.0116875 0.02323611111111111
1 0.5708046875 0.5677083333333334 0.0105703125 0.034527777777777775
1 0.4169921875 0.8072916666666666 0.0077578125 0.023416666666666665
1 0.51225 0.7458611111111111 0.010046875 0.018625
1 0.47778124999999994 0.4557361111111111 0.015015625 0.03113888888888889