1 0.6201171875 0.17502777777777778 0.01040625 0.024611111111111108
1 0.826171875 0.5208333333333334 0.0148984375 0.025583333333333336
1 0.6005859375 0.8559027777777778 0.010171875 0.03963888888888889
1 0.48657031249999994 0.1622222222222222 0.01428125 0.03398611111111111
1 0.7060546875 0.7170138888888888 0.01159375 0.027944444444444445
1 0.20983593749999999 0.14779166666666665 0.0146171875 0.029833333333333333
1 0.685546875 0.5611944444444444 0.011164062499999999 0.02013888888888889
1 0.272703125 0.24327777777777776 0.012234375 0.03347222222222222
1 0.440921875 0.6475694444444444 0.0064609375 0.013208333333333332
1 0.40153906250000004 0.8723055555555554 0.011679687499999999 0.02175
1 0.0999765625 0.484375 0.0179140625 0.02077777777777778
1 0.4775390625 0.5256111111111111 0.0102890625 0.01822222222222222
0 0.4746953125 0.5336111111111111 0.0036718750000000002 0.006986111111111111