1 0.5205078125 0.6645 0.007664062500000001 0.01998611111111111
1 0.4633828125 0.265625 0.015484375 0.03136111111111111
1 0.48364062499999994 0.8741388888888889 0.0096328125 0.03209722222222222
1 0.0726328125 0.5117222222222222 0.0177734375 0.021680555555555554
0 0.4130859375 0.7000833333333334 0.004609375000000001 0.008819444444444444
1 0.5493203125 0.32552777777777775 0.0084765625 0.024708333333333332
1 0.23400781249999997 0.21690277777777775 0.013796875 0.03125
1 0.2876015625 0.8394166666666667 0.0123359375 0.024430555555555556
1 0.2536640625 0.38954166666666673 0.0153671875 0.023875
1 0.5922890625 0.5199722222222222 0.014390625 0.018583333333333334
1 0.417484375 0.688375 0.012625 0.036083333333333335
1 0.23181250000000003 0.4908888888888889 0.0171796875 0.02227777777777778
1 0.79053125 0.5533888888888889 0.0210390625 0.02752777777777778