1 0.53515625 0.2662083333333333 0.013023437500000002 0.02684722222222222
1 0.47632031250000006 0.4522638888888889 0.014499999999999999 0.02538888888888889
1 0.6611328125 0.5846388888888889 0.0125703125 0.02423611111111111
1 0.43676562499999994 0.4127638888888889 0.00996875 0.017125
1 0.521 0.47091666666666665 0.0076953125 0.02061111111111111
1 0.498046875 0.6302083333333334 0.009859375 0.021680555555555554
1 0.36596875 0.34005555555555556 0.013218750000000001 0.03916666666666667
1 0.562015625 0.563375 0.010132812500000001 0.017069444444444443
1 0.45532031249999994 0.2482638888888889 0.013843749999999998 0.02175
1 0.39965625 0.7873333333333333 0.00815625 0.017
1 0.4204140625 0.59375 0.0078125 0.018930555555555558
1 0.511671875 0.7226805555555557 0.0123203125 0.024388888888888887
0 0.468265625 0.5256111111111111 0.0038359375 0.007875