1 0.48657031249999994 0.15841666666666668 0.014390625 0.03266666666666666
1 0.620609375 0.174375 0.0127265625 0.02711111111111111
1 0.390140625 0.8724027777777777 0.014453125 0.028152777777777777
1 0.6787109375 0.5616388888888889 0.009484375 0.021111111111111112
1 0.7094765625 0.7191805555555555 0.012234375 0.022875
1 0.6041171875 0.8936805555555556 0.013171875 0.028555555555555553
1 0.20422656250000001 0.15516666666666667 0.012484375 0.020694444444444446
1 0.2639140625 0.30945833333333334 0.0120546875 0.022444444444444444
1 0.090578125 0.48480555555555555 0.0206015625 0.02077777777777778
1 0.44604687500000006 0.6445277777777778 0.011375 0.021680555555555554
1 0.47973437499999994 0.5121527777777778 0.009859375 0.028375
0 0.48828125 0.6519166666666667 0.0043671874999999995 0.007500000000000001
1 0.8358515625 0.523986111111111 0.0217734375 0.029569444444444443