1 0.8828125 0.5481805555555556 0.0217734375 0.02359722222222222
1 0.8149453125000001 0.40841666666666665 0.0193515625 0.02538888888888889
1 0.43139843750000006 0.25390277777777776 0.009929687500000001 0.02731944444444445
1 0.20703125 0.46918055555555555 0.012773437500000002 0.021847222222222223
1 0.6962890625 0.4181805555555555 0.0124296875 0.025097222222222222
1 0.7163125 0.4210138888888889 0.0130703125 0.029055555555555557
1 0.6796875 0.8915 0.014499999999999999 0.02305555555555556
1 0.6352578125 0.45355555555555555 0.013796875 0.023333333333333334
1 0.55225 0.37218055555555557 0.0078125 0.025097222222222222
1 0.7890625 0.6762222222222222 0.0166640625 0.02323611111111111
1 0.7119140625 0.6124166666666666 0.01678125 0.017722222222222223
1 0.67578125 0.7374166666666667 0.011375 0.017791666666666667
0 0.5693359375 0.3613333333333334 0.0038828125 0.009097222222222222