1 0.467578125 0.45799999999999996 0.013484375000000002 0.027388888888888886
0 0.7095312500000001 0.44834722222222223 0.0049765625 0.010569444444444446
1 0.5078125 0.5221388888888889 0.0171796875 0.020388888888888887
1 0.6643125000000001 0.6761944444444444 0.0193125 0.020083333333333335
1 0.555296875 0.7032499999999999 0.0145234375 0.021972222222222223
1 0.4563359375 0.8246111111111112 0.009585937499999999 0.021500000000000002
1 0.3335 0.7816805555555555 0.01009375 0.017263888888888888
1 0.12634375 0.4722222222222222 0.0120078125 0.01659722222222222
1 0.2893046875 0.26605555555555555 0.010906250000000001 0.02013888888888889
1 0.5859375 0.2979583333333333 0.012828125000000001 0.02086111111111111
1 0.716796875 0.42969444444444443 0.01615625 0.029375
1 0.8544921875 0.5377638888888889 0.019640625000000002 0.017527777777777778
1 0.59375 0.7578194444444445 0.012484375 0.025291666666666667