1 0.5864296875 0.413625 0.014390625 0.027430555555555555
1 0.6201171875 0.7070277777777778 0.0109453125 0.015069444444444444
1 0.6547890625 0.5768194444444444 0.0123359375 0.020388888888888887
1 0.505375 0.2847222222222222 0.0094140625 0.020458333333333335
1 0.607421875 0.32422222222222224 0.0123359375 0.01901388888888889
1 0.726078125 0.33225 0.013375000000000001 0.023875
1 0.66553125 0.6489583333333333 0.013492187499999999 0.017736111111111112
1 0.808015625 0.46831944444444445 0.018859375 0.024611111111111108
1 0.5537109375 0.8823749999999999 0.010859375000000001 0.022875
1 0.3175 0.2615138888888889 0.0139296875 0.014444444444444446
0 0.317625 0.2736527777777778 0.0062265624999999995 0.011152777777777777
1 0.43695312499999994 0.23125 0.010921875000000001 0.01476388888888889
1 0.52621875 0.48004166666666664 0.01475 0.022319444444444444