1 0.396 0.3502638888888889 0.0110703125 0.021513888888888888
1 0.4560546875 0.25304166666666666 0.007484375 0.01573611111111111
1 0.6298828125 0.5325694444444444 0.0146171875 0.018277777777777778
1 0.45141406249999994 0.5620694444444444 0.0102890625 0.022527777777777775
1 0.6181640625 0.27234722222222224 0.0115078125 0.025
1 0.4809609375 0.33116666666666666 0.008578125 0.023972222222222225
1 0.4809609375 0.41015277777777776 0.013796875 0.027208333333333334
1 0.5180703125 0.7118055555555556 0.0096328125 0.017597222222222222
1 0.49828906249999994 0.4587638888888889 0.013953125 0.026583333333333334
1 0.7481640625 0.5736388888888888 0.0200390625 0.027930555555555556
1 0.56396875 0.6545138888888888 0.0088125 0.02773611111111111
1 0.4592890625 0.8346111111111111 0.01178125 0.015402777777777777
0 0.5546875 0.65625 0.0044843750000000005 0.008749999999999999