1 0.5180703125 0.48480555555555555 0.011375 0.029736111111111112
1 0.43774218749999994 0.24088888888888887 0.011828125 0.04172222222222222
1 0.655453125 0.648875 0.014726562500000002 0.017388888888888888
1 0.718265625 0.3200972222222222 0.012921875 0.01901388888888889
1 0.8037109375 0.461375 0.0189375 0.022625
1 0.323484375 0.25043055555555555 0.012968750000000001 0.026375
1 0.612796875 0.7083333333333334 0.0112421875 0.01686111111111111
1 0.5756875 0.4099444444444445 0.013796875 0.023875
1 0.654921875 0.575875 0.014476562500000002 0.020819444444444446
1 0.5493203125 0.8832500000000001 0.012531249999999999 0.02786111111111111
1 0.599125 0.31858333333333333 0.0120546875 0.02423611111111111
1 0.4975625 0.2819027777777778 0.00834375 0.015361111111111112
0 0.3103046875 0.27820833333333334 0.0043515625 0.008513888888888889