1 0.1254921875 0.48133333333333334 0.013125000000000001 0.01916666666666667
1 0.319 0.27068055555555554 0.015437500000000002 0.020194444444444442
1 0.366703125 0.7378472222222222 0.0098984375 0.01923611111111111
1 0.5107421875 0.4670138888888889 0.012234375 0.028833333333333336
1 0.599984375 0.5429305555555556 0.0161328125 0.020416666666666666
1 0.6274765625 0.7974444444444444 0.013343749999999998 0.025708333333333337
1 0.498046875 0.8155416666666667 0.010984375000000001 0.014833333333333334
1 0.6436484375 0.6211944444444444 0.009804687500000001 0.02077777777777778
1 0.8911171875000001 0.5794305555555556 0.019421874999999998 0.03336111111111111
1 0.792484375 0.5520833333333334 0.0210859375 0.026375
0 0.7998046875 0.7239583333333334 0.0038984375 0.006513888888888889
1 0.7117421875 0.33443055555555556 0.018757812500000002 0.024138888888888887
1 0.7795703125 0.5529027777777777 0.0156875 0.032875