1 0.0381796875 0.5503472222222222 0.0199140625 0.02423611111111111
1 0.23046093750000002 0.21880555555555553 0.0173984375 0.021041666666666667
1 0.2119140625 0.4513888888888889 0.0171796875 0.022097222222222223
1 0.443359375 0.5165 0.009125 0.02201388888888889
1 0.391359375 0.6779583333333333 0.021117187500000002 0.01901388888888889
1 0.3525390625 0.8159722222222222 0.013023437500000002 0.02731944444444445
1 0.140015625 0.6814305555555555 0.023195312500000002 0.024333333333333332
1 0.1900625 0.8619861111111111 0.018375 0.021847222222222223
1 0.376953125 0.3630694444444445 0.015078125000000001 0.025194444444444446
1 0.73228125 0.5454722222222222 0.01728125 0.02022222222222222
1 0.335453125 0.6384583333333333 0.0125703125 0.018722222222222223
0 0.14935937500000002 0.6838194444444444 0.0045078125 0.008375
1 0.4191640625 0.36959722222222224 0.0094296875 0.020638888888888887