1 0.7646484375 0.5329861111111112 0.015187500000000001 0.0185
1 0.65234375 0.5607638888888888 0.013484375000000002 0.018430555555555554
1 0.5805703125 0.6410555555555556 0.013796875 0.026805555555555558
1 0.41015625 0.34223611111111113 0.012867187499999998 0.02690277777777778
1 0.3974609375 0.41580555555555554 0.009375 0.017069444444444443
1 0.5434609375 0.7131805555555556 0.0091953125 0.017416666666666667
1 0.44604687500000006 0.24869444444444444 0.00996875 0.01923611111111111
1 0.636234375 0.2517361111111111 0.011828125 0.020305555555555556
1 0.513671875 0.3118472222222222 0.0079375 0.02227777777777778
1 0.4985390625 0.40343055555555557 0.0140078125 0.02711111111111111
1 0.43188281249999994 0.5217083333333333 0.0088828125 0.0185
1 0.4873046875 0.86025 0.011289062499999999 0.02369444444444444
0 0.40746874999999994 0.43988888888888894 0.004203125 0.009458333333333332