1 0.38171093749999996 0.4009861111111111 0.0204921875 0.03179166666666667
1 0.236 0.2257638888888889 0.017765625 0.022625
1 0.1152578125 0.462875 0.021546875 0.022055555555555557
1 0.3747421875 0.2439027777777778 0.014960937499999999 0.024569444444444446
1 0.3332421875 0.5030138888888889 0.021124999999999998 0.023319444444444445
1 0.7521171875 0.5168611111111111 0.01753125 0.025583333333333336
1 0.392578125 0.5198611111111111 0.0123359375 0.022875
1 0.3205546875 0.6875 0.0179140625 0.024708333333333332
1 0.276859375 0.8576388888888888 0.0120546875 0.029486111111111112
1 0.3129921875 0.5902777777777778 0.0130703125 0.031
1 0.3681640625 0.8025138888888889 0.012625 0.029944444444444444
1 0.3464375 0.5572916666666666 0.0121015625 0.02305555555555556
0 0.348671875 0.6503611111111111 0.0073906250000000005 0.010930555555555556