1 0.3701171875 0.5677083333333334 0.011203125 0.017875
1 0.3891640625 0.4127638888888889 0.009820312500000001 0.016930555555555556
1 0.23278906250000003 0.6111111111111112 0.0130703125 0.017388888888888888
1 0.5712890625 0.5581666666666667 0.012828125000000001 0.023972222222222225
1 0.43774218749999994 0.7413194444444444 0.009601562499999999 0.01952777777777778
1 0.38403125 0.8233472222222221 0.0104921875 0.01901388888888889
1 0.4365234375 0.22156944444444446 0.0096328125 0.027000000000000003
1 0.4814453125 0.4053888888888889 0.010171875 0.02315277777777778
1 0.46996874999999994 0.5755277777777777 0.0122890625 0.020694444444444446
1 0.50146875 0.2665 0.00796875 0.026694444444444444
1 0.42407031249999994 0.4826388888888889 0.013843749999999998 0.02690277777777778
1 0.27435156250000003 0.341875 0.014640624999999999 0.023972222222222225
0 0.2738671875 0.352375 0.0063359374999999996 0.00976388888888889