1 0.21496875000000001 0.6558194444444444 0.013375000000000001 0.022444444444444444
1 0.4360390625 0.3851944444444444 0.0081875 0.021513888888888888
1 0.43896875 0.750875 0.010984375000000001 0.02711111111111111
1 0.45483593750000006 0.2593333333333333 0.01159375 0.024708333333333332
1 0.2536640625 0.4427083333333333 0.013375000000000001 0.02377777777777778
1 0.3830546875 0.8459166666666665 0.013843749999999998 0.024708333333333332
1 0.40405468750000006 0.20756944444444442 0.011554687499999999 0.02359722222222222
1 0.344484375 0.5794305555555556 0.01103125 0.014888888888888889
1 0.339359375 0.5147638888888889 0.013273437499999999 0.025583333333333336
1 0.5903359375 0.4411944444444445 0.01159375 0.020388888888888887
1 0.3850078125 0.5086805555555556 0.01525 0.02786111111111111
1 0.5322265625 0.6098055555555556 0.013843749999999998 0.025486111111111112
0 0.335671875 0.5229305555555556 0.006125 0.009013888888888889