1 0.229734375 0.21875 0.013796875 0.01984722222222222
1 0.41382031250000006 0.5277777777777778 0.0120078125 0.029833333333333333
1 0.33984375 0.6284722222222222 0.012671874999999999 0.017597222222222222
1 0.06396874999999999 0.5086805555555556 0.018796874999999998 0.01673611111111111
1 0.2258203125 0.8559166666666667 0.016046875 0.02702777777777778
1 0.1818828125 0.6267361111111112 0.01628125 0.023333333333333334
1 0.40356249999999994 0.33658333333333335 0.0109453125 0.026375
1 0.2150859375 0.4502083333333333 0.0126953125 0.016652777777777777
1 0.7490234375 0.5451388888888888 0.012531249999999999 0.02711111111111111
1 0.326171875 0.6575555555555556 0.0130703125 0.025583333333333336
1 0.342859375 0.8282361111111112 0.0127265625 0.024805555555555556
1 0.3728046875 0.38845833333333335 0.0165859375 0.028486111111111115
0 0.21677343750000003 0.4633194444444444 0.0043749999999999995 0.007625000000000001