1 0.5205078125 0.7096388888888889 0.0100546875 0.028833333333333336
1 0.48949999999999994 0.3194444444444444 0.009484375 0.017597222222222222
1 0.62646875 0.26411111111111113 0.0105703125 0.026694444444444444
1 0.45141406249999994 0.24869444444444444 0.008546874999999999 0.015416666666666665
1 0.4404296875 0.5473055555555556 0.0108203125 0.022194444444444444
1 0.636234375 0.5347222222222222 0.014171875 0.022625
1 0.4653359375 0.8385416666666666 0.01009375 0.02415277777777778
1 0.5668984375 0.6349861111111111 0.0166640625 0.02377777777777778
1 0.48022656250000006 0.40018055555555554 0.012773437500000002 0.02752777777777778
1 0.4790078125 0.45616666666666666 0.00784375 0.021680555555555554
1 0.755859375 0.5585972222222222 0.0141171875 0.018791666666666665
1 0.395265625 0.34830555555555553 0.010453125 0.018430555555555554
0 0.559640625 0.6416527777777777 0.0037734375 0.006930555555555556