1 0.41796875 0.37066666666666664 0.0104921875 0.01976388888888889
1 0.438734375 0.5186388888888889 0.01225 0.018277777777777778
1 0.046390625000000005 0.5412361111111111 0.0236953125 0.019680555555555555
1 0.73046875 0.5525138888888889 0.0155390625 0.02315277777777778
1 0.359375 0.6740416666666667 0.0119140625 0.01961111111111111
1 0.229734375 0.21744444444444444 0.013953125 0.018791666666666665
1 0.3455703125 0.8170277777777778 0.0109140625 0.022736111111111113
1 0.337890625 0.6410555555555556 0.0111171875 0.01938888888888889
1 0.156125 0.6618888888888889 0.0158359375 0.022875
1 0.374515625 0.37565277777777784 0.0165859375 0.026583333333333334
0 0.172609375 0.6163194444444444 0.004265625 0.008749999999999999
1 0.22643749999999999 0.45052777777777775 0.014835937499999998 0.01634722222222222
1 0.20240624999999998 0.8602916666666667 0.02028125 0.02363888888888889