1 0.23034374999999999 0.22179166666666666 0.01628125 0.024708333333333332
1 0.3776171875 0.8169444444444445 0.011453125 0.019694444444444445
1 0.167234375 0.8389722222222221 0.014171875 0.023416666666666665
1 0.3481484375 0.6618888888888889 0.010906250000000001 0.02022222222222222
1 0.42553906250000006 0.6701388888888888 0.012867187499999998 0.024055555555555556
1 0.0816015625 0.6494444444444445 0.014781250000000001 0.02972222222222222
1 0.4340859375 0.34591666666666665 0.009335937499999999 0.022347222222222223
1 0.46362500000000006 0.5060833333333333 0.0147890625 0.022625
1 0.3864765625 0.3374583333333333 0.014671875000000001 0.02786111111111111
1 0.1860390625 0.42491666666666666 0.0123359375 0.018291666666666668
1 0.029875000000000002 0.5785555555555556 0.018796874999999998 0.02369444444444444
1 0.75 0.5325555555555556 0.016523437499999998 0.02061111111111111
0 0.0920859375 0.6592083333333333 0.00484375 0.010638888888888889