1 0.4375 0.41427777777777774 0.010132812500000001 0.01615277777777778
1 0.659671875 0.586375 0.0103671875 0.021430555555555557
1 0.53515625 0.27626388888888886 0.0102890625 0.02369444444444444
1 0.4770546875 0.45181944444444444 0.0141171875 0.021430555555555557
1 0.51171875 0.7274305555555556 0.0088125 0.026083333333333333
1 0.45532031249999994 0.24740277777777778 0.01178125 0.019305555555555555
1 0.3652890625 0.3322777777777778 0.0124609375 0.01634722222222222
1 0.5009765625 0.6297777777777778 0.00809375 0.018583333333333334
1 0.42114062499999994 0.594625 0.00834375 0.018583333333333334
1 0.40210156250000006 0.7799444444444443 0.0123828125 0.019680555555555555
1 0.521484375 0.47352777777777777 0.00709375 0.020305555555555556
1 0.5629921875 0.5642361111111112 0.008 0.025986111111111113
0 0.466796875 0.5186666666666666 0.004265625 0.008291666666666666