1 0.599125 0.3658888888888889 0.010453125 0.024430555555555556
1 0.43188281249999994 0.39691666666666664 0.00809375 0.014166666666666666
1 0.52490625 0.20116666666666666 0.009125 0.029486111111111112
1 0.396 0.5420972222222222 0.008984375 0.017652777777777778
1 0.130984375 0.5355972222222222 0.014499999999999999 0.018291666666666668
1 0.479984375 0.48654166666666665 0.012968750000000001 0.026083333333333333
1 0.2571484375 0.7141944444444445 0.014421875 0.022166666666666668
1 0.42260937500000006 0.7474027777777777 0.01159375 0.025777777777777774
1 0.421875 0.6063333333333334 0.0102109375 0.018722222222222223
1 0.5927734375 0.6857638888888888 0.011203125 0.02201388888888889
0 0.37585156249999996 0.1786111111111111 0.0062656249999999995 0.011680555555555555
1 0.4873046875 0.7513055555555557 0.00796875 0.018583333333333334
1 0.371578125 0.15668055555555555 0.0142578125 0.025527777777777778