1 0.45092968750000006 0.45920833333333333 0.012921875 0.02415277777777778
1 0.3264140625 0.7970416666666666 0.012867187499999998 0.024444444444444446
1 0.279296875 0.26844444444444443 0.0106953125 0.020541666666666666
1 0.8413125000000001 0.5829027777777778 0.0173828125 0.025
1 0.44164843749999994 0.8298611111111112 0.011828125 0.016930555555555556
1 0.4848671875 0.5221388888888889 0.0122890625 0.021027777777777777
1 0.607421875 0.6892361111111112 0.0173046875 0.02022222222222222
1 0.1254921875 0.4739583333333333 0.012968750000000001 0.01886111111111111
1 0.5766640625 0.7690972222222222 0.010609375 0.02377777777777778
1 0.521 0.7291666666666666 0.0158359375 0.021680555555555554
0 0.6547890625 0.5690138888888889 0.0044296875 0.008388888888888888
1 0.6591796875 0.43468055555555557 0.0130703125 0.017527777777777778
1 0.5361328125 0.2875416666666667 0.01525 0.027208333333333334