1 0.7329140625 0.46744444444444444 0.015187500000000001 0.025777777777777774
1 0.8325234375000001 0.7348055555555555 0.014499999999999999 0.022805555555555558
1 0.41574999999999995 0.2485138888888889 0.0091484375 0.027694444444444445
1 0.5419921875 0.4427083333333333 0.0080625 0.018583333333333334
1 0.6744453125 0.7462361111111111 0.009328125 0.018486111111111113
1 0.8452187500000001 0.4713611111111111 0.01634375 0.026486111111111113
1 0.66796875 0.5043472222222222 0.0121015625 0.02297222222222222
1 0.712890625 0.48915277777777777 0.0134296875 0.01865277777777778
0 0.6840859375 0.4583333333333333 0.0046484375 0.008319444444444445
1 0.7470703125 0.6349861111111111 0.01640625 0.01938888888888889
1 0.916015625 0.5403611111111111 0.019609375000000002 0.021847222222222223
1 0.7314453125 0.9192777777777777 0.0141171875 0.021347222222222222
1 0.177015625 0.4904166666666667 0.01603125 0.017680555555555557