1 0.7172890625 0.4943611111111111 0.0095625 0.017722222222222223
1 0.541015625 0.4461805555555556 0.007664062500000001 0.021930555555555554
1 0.8335000000000001 0.7400138888888889 0.0173828125 0.027000000000000003
1 0.751953125 0.6341111111111111 0.0190859375 0.019680555555555555
1 0.6708984375 0.5130277777777777 0.01178125 0.017194444444444446
1 0.8481484375000001 0.4756944444444444 0.015484375 0.020458333333333335
1 0.6728515625 0.7482638888888888 0.009601562499999999 0.02077777777777778
1 0.9213906250000001 0.5390694444444445 0.0216484375 0.02323611111111111
1 0.73584375 0.47005555555555556 0.0154296875 0.025777777777777774
1 0.175296875 0.4887222222222222 0.015078125000000001 0.018430555555555554
1 0.73584375 0.9201388888888888 0.0151328125 0.021111111111111112
1 0.4150390625 0.2482638888888889 0.00803125 0.017944444444444443
0 0.6899453125 0.4587638888888889 0.004234375 0.008069444444444443