1 0.541015625 0.45269444444444445 0.008515625 0.02297222222222222
1 0.6728515625 0.5177916666666667 0.0106484375 0.017652777777777778
1 0.84765625 0.4774305555555556 0.0167265625 0.014833333333333334
1 0.67334375 0.7534722222222222 0.0097421875 0.02423611111111111
1 0.1748046875 0.48827777777777776 0.011375 0.015791666666666666
1 0.717234375 0.5005138888888889 0.01303125 0.026111111111111113
1 0.755859375 0.6362916666666667 0.0159609375 0.01938888888888889
1 0.41553125 0.25022222222222223 0.0094140625 0.021180555555555557
1 0.740234375 0.9192777777777777 0.011960937500000001 0.021111111111111112
1 0.8354843750000001 0.7439166666666667 0.017171875 0.023944444444444442
1 0.9223671875000001 0.538625 0.024 0.021027777777777777
1 0.73734375 0.4701388888888889 0.014601562500000002 0.024722222222222222
0 0.693359375 0.4587638888888889 0.004609375000000001 0.008013888888888888