0 0.47487500000000005 0.5320138888888889 0.004210937499999999 0.009333333333333332
1 0.47680468749999994 0.5121527777777778 0.00690625 0.01347222222222222
1 0.390625 0.8702222222222221 0.014835937499999998 0.023972222222222225
1 0.679203125 0.5616388888888889 0.0100546875 0.023500000000000004
1 0.48571093750000005 0.15425 0.016125 0.02801388888888889
1 0.8266640625000001 0.5195277777777778 0.0167265625 0.024708333333333332
1 0.2639140625 0.2743055555555556 0.011328125 0.02013888888888889
1 0.44067187499999994 0.6467083333333333 0.00834375 0.01886111111111111
1 0.7094765625 0.7209166666666665 0.011960937500000001 0.02423611111111111
1 0.6215859375 0.17654166666666665 0.014671875000000001 0.03559722222222222
1 0.5966796875 0.8806388888888889 0.0140625 0.028375
1 0.20505468750000003 0.15545833333333334 0.017781250000000002 0.02343055555555556
1 0.092046875 0.4805833333333333 0.0199609375 0.024777777777777777