0 0.5986328125 0.7126805555555555 0.0040703125 0.007972222222222223
1 0.6015625 0.8949722222222222 0.011203125 0.034583333333333334
1 0.6162109375 0.18641666666666667 0.011640625 0.02690277777777778
1 0.67578125 0.57075 0.0111171875 0.022347222222222223
1 0.20813281250000001 0.1733888888888889 0.0153046875 0.029055555555555557
1 0.08709375 0.4861111111111111 0.0193046875 0.019458333333333334
1 0.47778124999999994 0.46831944444444445 0.008921875 0.025194444444444446
1 0.8369140625 0.5442777777777777 0.0174375 0.01998611111111111
1 0.2595234375 0.34331944444444445 0.014335937500000001 0.030305555555555554
1 0.48949999999999994 0.16709722222222223 0.0155390625 0.028722222222222222
1 0.45092968750000006 0.6618888888888889 0.010132812500000001 0.026805555555555558
1 0.6650390625 0.7482638888888888 0.01040625 0.020458333333333335
1 0.3876953125 0.8650138888888889 0.0106953125 0.029833333333333333