1 0.3603515625 0.5694444444444444 0.012671874999999999 0.021180555555555557
1 0.3786640625 0.4201388888888889 0.01009375 0.01686111111111111
1 0.21862499999999999 0.6358472222222222 0.013328125 0.023416666666666665
1 0.43725781250000006 0.7421944444444445 0.0106953125 0.025694444444444443
1 0.48901562500000006 0.2645416666666667 0.00978125 0.024333333333333332
1 0.46117968749999994 0.3841111111111111 0.011960937500000001 0.023416666666666665
1 0.5766640625 0.5078194444444445 0.0120078125 0.025694444444444443
1 0.495609375 0.5985277777777778 0.0147890625 0.04061111111111111
1 0.41772656250000006 0.20790277777777777 0.0090546875 0.021027777777777777
1 0.4126015625 0.5052083333333334 0.01628125 0.02786111111111111
1 0.3876953125 0.844625 0.009335937499999999 0.028486111111111115
1 0.2676640625 0.39051388888888894 0.017671875 0.022416666666666668
0 0.297609375 0.4557361111111111 0.004625 0.007375