1 0.6333046875 0.5333888888888889 0.011289062499999999 0.017777777777777778
1 0.44946093749999994 0.5607638888888888 0.01040625 0.022708333333333334
1 0.48364062499999994 0.329 0.010007812500000001 0.024902777777777777
1 0.620609375 0.27018055555555553 0.00978125 0.02359722222222222
1 0.455078125 0.25216666666666665 0.007875 0.016930555555555556
1 0.4809609375 0.40863888888888894 0.014171875 0.026694444444444444
1 0.5185546875 0.7113750000000001 0.0090546875 0.017944444444444443
1 0.4609375 0.8407083333333333 0.0110703125 0.025875
1 0.49535937499999994 0.4587638888888889 0.0172421875 0.029833333333333333
1 0.564453125 0.648 0.0084453125 0.022527777777777775
1 0.39575 0.3506944444444444 0.0112421875 0.023333333333333334
1 0.75146875 0.5716111111111111 0.0145546875 0.020305555555555556
0 0.5546875 0.6540833333333333 0.0041328125 0.007972222222222223