1 0.23181250000000003 0.21505555555555556 0.013953125 0.028152777777777777
1 0.521484375 0.33702777777777776 0.009484375 0.021597222222222223
1 0.4653359375 0.8862916666666667 0.007875 0.020541666666666666
1 0.3969765625 0.7378472222222222 0.009375 0.020944444444444446
1 0.49535937499999994 0.6849027777777777 0.0097421875 0.01591666666666667
1 0.20690624999999999 0.5360277777777778 0.0154296875 0.021027777777777777
1 0.071046875 0.5099861111111111 0.0186484375 0.021180555555555557
1 0.22766406250000001 0.40408333333333335 0.0136875 0.015250000000000001
1 0.5571328125 0.4943611111111111 0.0138984375 0.017791666666666667
1 0.8100859375 0.5511805555555556 0.0207890625 0.02351388888888889
1 0.2509765625 0.8428888888888889 0.016843749999999998 0.024902777777777777
0 0.3020078125 0.7565555555555556 0.0045 0.008694444444444444
1 0.448734375 0.29209722222222223 0.0153671875 0.03209722222222222