1 0.3984375 0.3528611111111111 0.0116875 0.030763888888888886
1 0.59521875 0.2647638888888889 0.01146875 0.026486111111111113
1 0.4462890625 0.8198749999999999 0.01053125 0.025777777777777774
1 0.7309609375 0.5915833333333333 0.016984375 0.024902777777777777
1 0.5376015625 0.6670972222222222 0.013796875 0.018361111111111113
1 0.4633828125 0.2526111111111111 0.010132812500000001 0.024055555555555556
1 0.5126953125 0.7174444444444443 0.0090546875 0.019083333333333334
1 0.46240625 0.34830555555555553 0.011828125 0.01961111111111111
1 0.526859375 0.4557361111111111 0.010328125 0.02022222222222222
1 0.4536171875 0.5802916666666667 0.00996875 0.022097222222222223
1 0.6103515625 0.5308194444444444 0.01428125 0.020458333333333335
1 0.47875781249999994 0.43445833333333334 0.013953125 0.029736111111111112
0 0.5288125 0.6497361111111111 0.0058671875 0.010069444444444445