1 0.67578125 0.7374166666666667 0.01178125 0.017125
1 0.7114296875 0.61025 0.012867187499999998 0.01865277777777778
1 0.8125 0.3997361111111111 0.014390625 0.017791666666666667
1 0.8814296875000001 0.5470416666666666 0.018515625 0.025833333333333337
1 0.2163125 0.46570833333333334 0.014835937499999998 0.02297222222222222
1 0.630859375 0.4461805555555556 0.009015625 0.020944444444444446
1 0.783125 0.6719027777777777 0.01775 0.01786111111111111
1 0.6748046875 0.890625 0.010734375 0.023972222222222225
1 0.5561328125 0.36525 0.0080078125 0.02988888888888889
1 0.6953125 0.40841666666666665 0.010609375 0.020944444444444446
1 0.431640625 0.25 0.007578125 0.02297222222222222
1 0.7109375 0.42165277777777777 0.01353125 0.028944444444444443
0 0.5620234375 0.34794444444444445 0.0048671875 0.009208333333333334