1 0.677734375 0.34700000000000003 0.010906250000000001 0.01998611111111111
1 0.44311718750000006 0.24718055555555554 0.0084453125 0.02126388888888889
1 0.6337890625 0.8884583333333335 0.008953125000000001 0.017722222222222223
1 0.784671875 0.3643611111111111 0.017046875 0.020458333333333335
1 0.259765625 0.43337499999999995 0.013796875 0.02297222222222222
1 0.7451796875000001 0.6456527777777777 0.017374999999999998 0.019569444444444445
1 0.68115625 0.5885416666666666 0.016921875 0.018930555555555558
1 0.671875 0.7365416666666665 0.010734375 0.015666666666666666
1 0.8559609375000001 0.5373333333333333 0.019453124999999998 0.022708333333333334
1 0.5869140625 0.44379166666666664 0.008921875 0.017722222222222223
1 0.551953125 0.33031944444444444 0.012765625 0.02723611111111111
0 0.54053125 0.3350694444444444 0.0045703125 0.008166666666666666
1 0.6705078125 0.424375 0.0176171875 0.02622222222222222