1 0.45629687499999994 0.24891666666666667 0.0116875 0.020458333333333335
1 0.56640625 0.5668472222222222 0.0084765625 0.021111111111111112
1 0.541015625 0.24913888888888888 0.0103671875 0.02423611111111111
1 0.689453125 0.6006944444444444 0.01159375 0.024430555555555556
1 0.5141640625 0.7465277777777778 0.00803125 0.02423611111111111
1 0.40844531249999994 0.8177083333333334 0.0104921875 0.02077777777777778
1 0.439453125 0.39170833333333327 0.008671874999999999 0.015194444444444444
1 0.3793984375 0.3337638888888889 0.010859375000000001 0.02126388888888889
1 0.5341796875 0.4596388888888889 0.009234375 0.02315277777777778
1 0.49487500000000006 0.6306388888888889 0.014890625 0.025097222222222222
0 0.47925000000000006 0.546875 0.0039296875 0.008069444444444443
1 0.4228515625 0.5963611111111111 0.0088125 0.01923611111111111
1 0.47632031250000006 0.45181944444444444 0.0147890625 0.023416666666666665