1 0.6762734375 0.7391527777777779 0.01146875 0.019916666666666666
1 0.1866484375 0.48047222222222224 0.013953125 0.020388888888888887
1 0.8989765625 0.5444166666666667 0.02153125 0.027430555555555555
1 0.4225546875 0.2462361111111111 0.0129140625 0.01633333333333333
1 0.544921875 0.4134166666666667 0.008671874999999999 0.018361111111111113
1 0.726078125 0.453125 0.013218750000000001 0.029055555555555557
1 0.8310546875 0.43598611111111113 0.0155390625 0.01901388888888889
1 0.7329140625 0.6236944444444444 0.014171875 0.018291666666666668
1 0.814453125 0.7065972222222222 0.0136875 0.01952777777777778
1 0.7041015625 0.4600694444444444 0.012773437500000002 0.025
1 0.66015625 0.47483333333333333 0.01178125 0.02415277777777778
1 0.7076796875 0.9066388888888889 0.01215625 0.024347222222222225
0 0.6611328125 0.45443055555555556 0.0045078125 0.008222222222222223