1 0.126828125 0.47483333333333333 0.0130703125 0.020944444444444446
1 0.718265625 0.648 0.010906250000000001 0.02227777777777778
1 0.34253125 0.7630277777777777 0.0124296875 0.028722222222222222
1 0.537109375 0.5243055555555556 0.012828125000000001 0.01984722222222222
1 0.873046875 0.5212638888888889 0.0147890625 0.02305555555555556
1 0.29834375 0.26844444444444443 0.0134296875 0.023500000000000004
1 0.745609375 0.43793055555555555 0.0106484375 0.01984722222222222
1 0.610578125 0.7623333333333333 0.0182734375 0.028944444444444443
1 0.58740625 0.6653611111111111 0.0125703125 0.01998611111111111
1 0.4814453125 0.461375 0.0122890625 0.026083333333333333
1 0.6259765625 0.3116388888888889 0.01678125 0.028486111111111115
1 0.47046093750000006 0.828125 0.0140625 0.035458333333333335
0 0.726078125 0.492625 0.0043984375 0.009833333333333333