1 0.7192421875 0.5533888888888889 0.0097421875 0.016416666666666666
1 0.6328125 0.7586805555555556 0.00996875 0.018722222222222223
1 0.8413125000000001 0.8320277777777777 0.014453125 0.028375
1 0.8510781250000001 0.5568611111111111 0.0179921875 0.021111111111111112
1 0.7211953125 0.4722222222222222 0.0186171875 0.029486111111111112
1 0.3966796875 0.2455277777777778 0.0090078125 0.01636111111111111
1 0.947265625 0.5716111111111111 0.020171875 0.02086111111111111
1 0.7802734375 0.6610277777777778 0.0199921875 0.020694444444444446
1 0.159671875 0.48827777777777776 0.01615625 0.02369444444444444
1 0.522953125 0.5364583333333334 0.008640625 0.020458333333333335
1 0.795796875 0.9230277777777778 0.017640625 0.025055555555555553
0 0.767578125 0.5512222222222222 0.00425 0.008583333333333333
1 0.7079140625 0.5540138888888889 0.017703125 0.018680555555555554