1 0.7755546875 0.6662083333333334 0.020765625 0.02022222222222222
1 0.705078125 0.6054722222222222 0.015484375 0.01984722222222222
1 0.806640625 0.39344444444444443 0.016523437499999998 0.02315277777777778
1 0.7055703125 0.4255694444444445 0.014335937500000001 0.026291666666666665
1 0.43335156250000006 0.24609722222222222 0.0083125 0.022097222222222223
1 0.8759765625 0.5516527777777778 0.0236484375 0.02175
1 0.6762734375 0.7374166666666667 0.0119140625 0.016291666666666666
1 0.692875 0.39822222222222226 0.0120546875 0.019680555555555555
1 0.6235390625 0.44054166666666666 0.0086171875 0.021347222222222222
1 0.2251015625 0.4587638888888889 0.017515625 0.020388888888888887
1 0.5589375000000001 0.3401388888888889 0.0085234375 0.023500000000000004
1 0.6684609375 0.8897638888888889 0.0124296875 0.02013888888888889
0 0.5656953125 0.3471388888888889 0.00421875 0.009458333333333332