1 0.34375 0.8324722222222222 0.0106953125 0.024805555555555556
1 0.2326640625 0.8559027777777778 0.0146171875 0.022444444444444444
1 0.1919453125 0.6251388888888889 0.0224375 0.021166666666666667
1 0.3989296875 0.32356944444444447 0.009523437499999999 0.01976388888888889
1 0.75146875 0.5486111111111112 0.0158984375 0.04163888888888889
1 0.22985937500000003 0.22102777777777777 0.014226562500000001 0.025486111111111112
1 0.06982812499999999 0.49783333333333335 0.0197578125 0.024902777777777777
1 0.323734375 0.6484444444444445 0.012828125000000001 0.027625
1 0.336671875 0.6184861111111111 0.010453125 0.024055555555555556
1 0.40796093750000006 0.5199722222222222 0.009375 0.02061111111111111
1 0.21595312500000002 0.45130555555555557 0.011625 0.034819444444444445
1 0.3728046875 0.387375 0.017515625 0.028486111111111115
0 0.2235390625 0.46569444444444447 0.0046953125 0.009444444444444445