1 0.121703125 0.46615277777777775 0.0160234375 0.01923611111111111
1 0.24060156250000003 0.22851388888888888 0.01178125 0.02013888888888889
1 0.3884296875 0.7083333333333334 0.014171875 0.027430555555555555
1 0.3864765625 0.23502777777777778 0.013843749999999998 0.025875
0 0.40551562499999994 0.7369861111111111 0.0043671874999999995 0.007555555555555556
1 0.3884296875 0.48915277777777777 0.010453125 0.01686111111111111
1 0.2771015625 0.8480972222222222 0.009859375 0.01923611111111111
1 0.3388671875 0.6532083333333334 0.01146875 0.023972222222222225
1 0.3696328125 0.5872361111111111 0.0145546875 0.018791666666666665
1 0.379671875 0.7970694444444444 0.011484375 0.017666666666666667
1 0.3896484375 0.42165277777777777 0.0138984375 0.025194444444444446
1 0.405765625 0.5134583333333333 0.013171875 0.020388888888888887
1 0.7592265625 0.5432083333333334 0.0180390625 0.014486111111111111