1 0.443953125 0.4029861111111111 0.014984375 0.027777777777777776
1 0.1317109375 0.5377638888888889 0.0136875 0.018791666666666665
1 0.599609375 0.3684861111111111 0.0100546875 0.022527777777777775
1 0.525390625 0.20116666666666666 0.0084140625 0.024611111111111108
1 0.3967265625 0.5438333333333334 0.0098984375 0.018361111111111113
1 0.593265625 0.6849027777777777 0.009929687500000001 0.019680555555555555
1 0.4228515625 0.6085138888888889 0.0106484375 0.02061111111111111
1 0.49047656249999994 0.7591111111111111 0.0115078125 0.030763888888888886
1 0.4247734375 0.7450416666666666 0.0140390625 0.022486111111111113
1 0.2582421875 0.7142638888888888 0.014984375 0.0255
1 0.4809609375 0.48654166666666665 0.013023437500000002 0.025291666666666667
1 0.370359375 0.15538888888888888 0.0119140625 0.02731944444444445
0 0.3752890625 0.165125 0.005703125 0.010902777777777777