1 0.4575234375 0.24566666666666667 0.0123828125 0.019305555555555555
1 0.3669453125 0.33355555555555555 0.010781250000000001 0.01901388888888889
1 0.40307812500000006 0.7777777777777778 0.0103671875 0.017319444444444446
1 0.47803125 0.4522638888888889 0.015015625 0.026486111111111113
0 0.468265625 0.5173611111111112 0.0040859375 0.007583333333333333
1 0.562015625 0.5620694444444444 0.0084453125 0.02077777777777778
1 0.66015625 0.5842083333333333 0.010453125 0.027625
1 0.501953125 0.6293472222222222 0.008984375 0.020069444444444442
1 0.5126953125 0.7213611111111111 0.0072890625 0.016930555555555556
1 0.5361328125 0.2749583333333333 0.01053125 0.024333333333333332
1 0.4384765625 0.413625 0.010007812500000001 0.01609722222222222
1 0.42211718749999994 0.5933194444444444 0.00821875 0.017458333333333333
1 0.5224609375 0.47265277777777776 0.007546875 0.021027777777777777