1 0.4251796875 0.33543055555555557 0.014960937499999999 0.020819444444444446
1 0.6455078125 0.2673611111111111 0.012148437500000001 0.025486111111111112
1 0.4423828125 0.24544444444444444 0.0077578125 0.01634722222222222
1 0.5234375 0.3211805555555556 0.009234375 0.021680555555555554
1 0.5029296875 0.4042916666666666 0.014390625 0.029625
1 0.7656484375 0.5109861111111111 0.0205078125 0.023374999999999996
1 0.4443359375 0.5182361111111111 0.0088828125 0.021513888888888888
1 0.6591796875 0.5724861111111111 0.01578125 0.023416666666666665
1 0.49503125 0.8687083333333334 0.0106015625 0.03219444444444444
1 0.3693828125 0.39822222222222226 0.013843749999999998 0.022805555555555558
1 0.5860078125 0.6447083333333333 0.0129609375 0.026166666666666668
1 0.5528593749999999 0.7168888888888888 0.014000000000000002 0.02125
0 0.374734375 0.40294444444444444 0.0058828125 0.010458333333333333