1 0.776859375 0.5438333333333334 0.014953125000000001 0.024611111111111108
1 0.620609375 0.5390694444444445 0.00878125 0.022097222222222223
1 0.47827343750000006 0.2543472222222222 0.014734375 0.031
1 0.3088359375 0.8407083333333333 0.0121015625 0.02711111111111111
1 0.546078125 0.6757777777777778 0.016515625 0.021041666666666667
1 0.42016406249999994 0.6493055555555556 0.0147890625 0.036083333333333335
1 0.23376562500000003 0.21843055555555557 0.013843749999999998 0.030194444444444444
1 0.484765625 0.8408055555555556 0.013007812499999999 0.021875
1 0.2478046875 0.46484722222222224 0.0146171875 0.022097222222222223
1 0.307375 0.39540277777777777 0.0140625 0.021347222222222222
1 0.565921875 0.31033333333333335 0.011289062499999999 0.024527777777777777
1 0.0640859375 0.5243055555555556 0.0148984375 0.022097222222222223
0 0.42246875 0.6544444444444444 0.0052578125 0.009097222222222222