1 0.43359375 0.6666666666666666 0.013328125 0.01984722222222222
1 0.0922265625 0.617625 0.015601562499999999 0.024055555555555556
1 0.358890625 0.6723055555555556 0.0137421875 0.021180555555555557
1 0.4790078125 0.5056388888888889 0.0082890625 0.02369444444444444
1 0.447265625 0.32790277777777777 0.011640625 0.026583333333333334
1 0.1603984375 0.8246527777777778 0.01640625 0.029625
1 0.3935546875 0.32616666666666666 0.0160234375 0.029736111111111112
1 0.3889140625 0.8237916666666667 0.012867187499999998 0.022194444444444444
1 0.1922578125 0.4201388888888889 0.017515625 0.01901388888888889
1 0.22961718750000001 0.22179166666666666 0.016117187499999998 0.020541666666666666
1 0.0354921875 0.5651111111111111 0.018187500000000002 0.022444444444444444
1 0.7607421875 0.534 0.0190546875 0.021208333333333333
0 0.0918515625 0.6249583333333334 0.0039609375 0.006513888888888889