1 0.5654296875 0.5668472222222222 0.009273437499999999 0.017263888888888888
1 0.4575234375 0.2482638888888889 0.011164062499999999 0.02086111111111111
1 0.541015625 0.24522222222222223 0.0088515625 0.022708333333333334
1 0.5161171875 0.7434861111111111 0.0091640625 0.023416666666666665
1 0.44018750000000006 0.3886666666666666 0.00803125 0.013305555555555555
1 0.53271875 0.4600694444444444 0.009125 0.02323611111111111
1 0.3774453125 0.32943055555555556 0.013125000000000001 0.019680555555555555
1 0.40551562499999994 0.8168472222222222 0.0090546875 0.01901388888888889
1 0.6826171875 0.5993888888888889 0.01640625 0.025583333333333336
1 0.42163281250000006 0.5954861111111112 0.008640625 0.018930555555555558
1 0.4770546875 0.45181944444444444 0.0140625 0.02359722222222222
0 0.47729687500000006 0.5425416666666667 0.0039140625 0.007638888888888889
1 0.49731249999999994 0.6263888888888889 0.008125 0.025472222222222222