1 0.6620546875 0.3325138888888889 0.0132890625 0.01863888888888889
1 0.573734375 0.45443055555555556 0.0110703125 0.022875
1 0.443359375 0.24956944444444445 0.0071484375 0.016805555555555556
1 0.769046875 0.3556805555555555 0.0171015625 0.022805555555555558
1 0.5341796875 0.32616666666666666 0.0087421875 0.019680555555555555
1 0.61328125 0.8841111111111111 0.007124999999999999 0.01976388888888889
1 0.8432656250000001 0.523875 0.01678125 0.01998611111111111
0 0.474609375 0.32205555555555554 0.0049609375 0.011222222222222222
1 0.6694375 0.5785555555555556 0.0146171875 0.01938888888888889
1 0.6498437499999999 0.41918055555555556 0.0154296875 0.028652777777777777
1 0.2731953125 0.42295833333333327 0.012234375 0.02423611111111111
1 0.7231015625 0.6445694444444444 0.0184609375 0.020194444444444442
1 0.6629375 0.7329305555555556 0.0136015625 0.03919444444444444