1 0.443359375 0.38433333333333336 0.009710937499999999 0.018430555555555554
1 0.5480703124999999 0.24894444444444447 0.01490625 0.02381944444444444
1 0.45787500000000003 0.2519722222222222 0.013984374999999999 0.022861111111111113
1 0.510359375 0.7411666666666666 0.01125 0.021597222222222223
1 0.6982421875 0.602 0.012234375 0.024902777777777777
1 0.3857421875 0.33897222222222223 0.00996875 0.017319444444444446
1 0.5717578125 0.558138888888889 0.013257812499999999 0.022486111111111113
1 0.49972656249999997 0.6341249999999999 0.0156875 0.025125
1 0.54053125 0.4574722222222222 0.012625 0.02415277777777778
0 0.48584375 0.5659722222222222 0.0037109375 0.007944444444444445
1 0.429203125 0.5933194444444444 0.010453125 0.02077777777777778
1 0.47680468749999994 0.453125 0.0135859375 0.021513888888888888
1 0.41967968750000006 0.8042499999999999 0.0096328125 0.030541666666666665