1 0.1571015625 0.4835138888888889 0.0151328125 0.018291666666666668
0 0.784671875 0.6319444444444444 0.004117187499999999 0.007694444444444445
1 0.9526406250000001 0.5920138888888888 0.01890625 0.021680555555555554
1 0.718265625 0.5538194444444444 0.0088828125 0.01609722222222222
1 0.38940625 0.242625 0.010328125 0.025
1 0.5154921875 0.5584027777777778 0.010609375 0.015805555555555555
1 0.8427734375 0.8611111111111112 0.013218750000000001 0.030305555555555554
1 0.7861328125 0.6796944444444445 0.012234375 0.024430555555555556
1 0.8159218750000001 0.9305555555555556 0.0140625 0.02175
1 0.8520546875000001 0.5685833333333333 0.0164609375 0.01938888888888889
1 0.698734375 0.477 0.015601562499999999 0.027430555555555555
1 0.618265625 0.7530277777777777 0.010453125 0.013583333333333333
1 0.7091875 0.5560416666666667 0.0121796875 0.014722222222222222