1 0.6982421875 0.602 0.0121015625 0.024611111111111108
1 0.572265625 0.5655416666666666 0.012234375 0.03797222222222222
1 0.44457812499999994 0.3915 0.011828125 0.034444444444444444
1 0.3857421875 0.33941666666666664 0.0098984375 0.017458333333333333
1 0.5486718749999999 0.24741666666666665 0.01315625 0.028444444444444446
1 0.54053125 0.4574722222222222 0.012828125000000001 0.025097222222222222
1 0.5122109375 0.750875 0.0120546875 0.03309722222222222
1 0.429203125 0.5933194444444444 0.0106484375 0.021180555555555557
1 0.4584453125 0.25051388888888887 0.0149296875 0.020388888888888887
1 0.49922656249999997 0.6337222222222222 0.0111015625 0.02276388888888889
1 0.47778124999999994 0.4557361111111111 0.015187500000000001 0.0315
1 0.419921875 0.8038194444444444 0.009601562499999999 0.03065277777777778
0 0.48584375 0.5659722222222222 0.00375 0.008097222222222223