1 0.54053125 0.2482638888888889 0.010781250000000001 0.025583333333333336
1 0.6865234375 0.5989583333333334 0.014734375 0.023333333333333334
1 0.515140625 0.7469583333333333 0.008 0.02201388888888889
1 0.4555703125 0.2523888888888889 0.013484375000000002 0.026583333333333334
1 0.44018750000000006 0.398 0.009820312500000001 0.02423611111111111
1 0.3786640625 0.33008333333333334 0.01103125 0.020694444444444446
1 0.5336953125 0.45920833333333333 0.009015625 0.022097222222222223
1 0.4975625 0.6293472222222222 0.009234375 0.024055555555555556
1 0.4770546875 0.45181944444444444 0.014453125 0.024611111111111108
1 0.40698437500000006 0.8159722222222222 0.00834375 0.017944444444444443
1 0.5654296875 0.5677083333333334 0.00978125 0.018583333333333334
1 0.4223671875 0.5954861111111112 0.00809375 0.01673611111111111
0 0.478515625 0.5438333333333334 0.0043515625 0.010027777777777778