1 0.5649453125 0.8858472222222221 0.01178125 0.01597222222222222
1 0.6796875 0.6449722222222222 0.0171796875 0.020694444444444446
1 0.6352578125 0.7065972222222222 0.0096328125 0.017
1 0.818359375 0.4826388888888889 0.016523437499999998 0.018930555555555558
1 0.6034140625 0.4121388888888889 0.0166171875 0.024805555555555556
0 0.349125 0.2795138888888889 0.004179687499999999 0.008319444444444445
1 0.6547890625 0.5750833333333334 0.011828125 0.01952777777777778
1 0.73584375 0.34375 0.01615625 0.022708333333333334
1 0.6235390625 0.3194444444444444 0.00821875 0.022347222222222223
1 0.515140625 0.2916666666666667 0.009453125 0.01916666666666667
1 0.30346875 0.3116388888888889 0.013171875 0.027430555555555555
1 0.54053125 0.4752638888888889 0.008640625 0.024527777777777777
1 0.43810937499999997 0.24584722222222222 0.0086640625 0.02647222222222222