1 0.7626953125 0.7335138888888889 0.0200625 0.021180555555555557
1 0.8530312500000001 0.9045138888888888 0.018765625 0.02711111111111111
1 0.6748046875 0.4930555555555556 0.0153046875 0.02773611111111111
1 0.7102734374999999 0.5536527777777778 0.013078125 0.010791666666666666
1 0.9482421875 0.6319444444444444 0.022890625 0.01961111111111111
1 0.3903828125 0.24413888888888888 0.009296875 0.020069444444444442
1 0.156984375 0.48394444444444445 0.01634375 0.017597222222222222
1 0.5043984375 0.5980972222222222 0.011421875 0.02369444444444444
0 0.814453125 0.7877638888888889 0.0043984375 0.009208333333333334
1 0.8393593750000001 0.9418472222222222 0.0195 0.022708333333333334
1 0.601515625 0.7517777777777778 0.0091796875 0.014555555555555556
1 0.8540078125000001 0.5625 0.019015625 0.022194444444444444
1 0.7202968750000001 0.5531944444444444 0.009281250000000001 0.011472222222222222