1 0.1546640625 0.48525 0.01578125 0.019916666666666666
1 0.5835 0.8206388888888889 0.0086171875 0.020125
1 0.6962890625 0.6436666666666666 0.011828125 0.02077777777777778
1 0.8598671875000001 0.484375 0.0165859375 0.017527777777777778
1 0.9526406250000001 0.6358472222222222 0.0237265625 0.01634722222222222
1 0.45834374999999994 0.6780555555555555 0.0082578125 0.026
1 0.7475625 0.555125 0.0109453125 0.015013888888888889
1 0.3837890625 0.2662777777777778 0.009710937499999999 0.023500000000000004
1 0.89453125 0.8155416666666667 0.016984375 0.026805555555555558
1 0.7333984375 0.7955694444444443 0.012234375 0.022097222222222223
1 0.599609375 0.49522222222222223 0.014499999999999999 0.024333333333333332
1 0.8627968750000001 0.9565972222222222 0.01890625 0.04147222222222222
0 0.8551953125 0.9402222222222223 0.005484375 0.010374999999999999