1 0.526859375 0.6669027777777778 0.014499999999999999 0.022444444444444444
1 0.23400781249999997 0.48133333333333334 0.01771875 0.021680555555555554
1 0.603421875 0.52375 0.015515625 0.02373611111111111
1 0.23400781249999997 0.217125 0.014171875 0.031
1 0.0713515625 0.5138888888888888 0.0205234375 0.02201388888888889
1 0.2946796875 0.8415833333333335 0.0155390625 0.03040277777777778
1 0.2631875 0.38758333333333334 0.012867187499999998 0.019916666666666666
1 0.4672890625 0.26084722222222223 0.0151328125 0.03125
1 0.5532265625 0.31793055555555555 0.012867187499999998 0.023333333333333334
1 0.4175 0.6605972222222222 0.0098984375 0.030680555555555555
1 0.48510937500000006 0.8628472222222222 0.011875 0.03740277777777778
1 0.786625 0.5447083333333333 0.0164609375 0.019916666666666666
0 0.417484375 0.694875 0.0043828125 0.009277777777777777