1 0.564453125 0.4106944444444444 0.0186484375 0.024333333333333332
1 0.6450234375 0.648875 0.01578125 0.02013888888888889
0 0.3024921875 0.2829861111111111 0.00425 0.008680555555555556
1 0.6533203125 0.5768194444444444 0.013953125 0.021180555555555557
1 0.79834375 0.45920833333333333 0.01815625 0.022527777777777775
1 0.48901562500000006 0.2892777777777778 0.0091953125 0.017458333333333333
1 0.58984375 0.31705555555555553 0.0096328125 0.017875
1 0.4350625 0.22916666666666666 0.0087421875 0.01586111111111111
1 0.6039453124999999 0.7105 0.012890625 0.025930555555555557
1 0.323421875 0.24609722222222222 0.013945312500000001 0.02330555555555556
1 0.710453125 0.30990277777777775 0.0127265625 0.019458333333333334
1 0.5478515625 0.8828194444444445 0.010609375 0.026291666666666665
1 0.5102578125 0.48133333333333334 0.0072578124999999995 0.014833333333333334