1 0.2311171875 0.21394444444444444 0.0143828125 0.02213888888888889
1 0.19409375 0.5442777777777777 0.0192421875 0.01938888888888889
1 0.22180468750000001 0.41797222222222224 0.013328125 0.02013888888888889
1 0.451453125 0.87875 0.0171796875 0.021763888888888888
1 0.23424999999999999 0.8359444444444445 0.0146171875 0.017125
1 0.3955078125 0.73525 0.0096328125 0.025194444444444446
1 0.4848671875 0.6875 0.010906250000000001 0.017125
1 0.5068359375 0.3385416666666667 0.0078125 0.021430555555555557
1 0.542484375 0.492625 0.013484375000000002 0.018583333333333334
1 0.0713359375 0.5222638888888889 0.0212734375 0.020291666666666666
0 0.26542187500000003 0.7729166666666667 0.00415625 0.006819444444444445
1 0.44164843749999994 0.29969444444444443 0.013273437499999999 0.026083333333333333
1 0.8159218750000001 0.5429722222222222 0.020140625000000002 0.020694444444444446