1 0.67578125 0.7400138888888889 0.011828125 0.01976388888888889
1 0.8646874999999999 0.5470972222222222 0.0209375 0.02501388888888889
1 0.6884765625 0.4320694444444444 0.012671874999999999 0.026194444444444444
1 0.6860390625 0.3678333333333333 0.013171875 0.022875
1 0.7622109375 0.6618888888888889 0.011640625 0.016930555555555556
1 0.6005859375 0.43598611111111113 0.011554687499999999 0.02061111111111111
1 0.4375 0.24869444444444444 0.0065078125 0.017722222222222223
1 0.7958984375 0.3767361111111111 0.01678125 0.02022222222222222
1 0.693359375 0.5972222222222222 0.0134296875 0.02013888888888889
1 0.6489296875 0.8915 0.0141171875 0.02175
1 0.56640625 0.3263888888888889 0.0164609375 0.025486111111111112
0 0.5602343750000001 0.33844444444444444 0.0046875 0.00963888888888889
1 0.244875 0.44054166666666666 0.017640625 0.02323611111111111