1 0.0719609375 0.5325555555555556 0.0203671875 0.023500000000000004
1 0.23010156249999997 0.22005555555555556 0.01353125 0.02369444444444444
1 0.2607421875 0.43641666666666673 0.0166640625 0.02538888888888889
1 0.7797890625 0.5403611111111111 0.0186171875 0.02227777777777778
1 0.3791484375 0.40343055555555557 0.0191171875 0.03113888888888889
1 0.63428125 0.5607638888888888 0.011640625 0.03184722222222222
1 0.323734375 0.8420138888888888 0.00834375 0.022805555555555558
1 0.49047656249999994 0.8350694444444444 0.0121953125 0.030194444444444444
1 0.4873046875 0.24544444444444444 0.0153671875 0.03375
0 0.4580078125 0.7330694444444443 0.0039296875 0.007013888888888889
1 0.5756875 0.7044305555555556 0.0090546875 0.021597222222222223
1 0.417484375 0.6549444444444444 0.0106953125 0.02013888888888889
1 0.58203125 0.30404166666666665 0.0091953125 0.02359722222222222