1 0.45911718749999997 0.40370833333333334 0.013023437500000002 0.027777777777777776
1 0.3969765625 0.5438333333333334 0.0110703125 0.019083333333333334
1 0.4287109375 0.6132777777777778 0.0115078125 0.018930555555555558
1 0.43188281249999994 0.7521666666666665 0.0119140625 0.035458333333333335
1 0.5263671875 0.20019444444444442 0.008 0.027430555555555555
1 0.601078125 0.38954166666666673 0.010328125 0.01976388888888889
1 0.3701171875 0.16655555555555557 0.015015625 0.03870833333333334
1 0.4833984375 0.49956944444444445 0.0141171875 0.029736111111111112
1 0.49535937499999994 0.7621527777777778 0.0097421875 0.020388888888888887
1 0.1401171875 0.550375 0.0206875 0.025319444444444447
1 0.260546875 0.7127916666666667 0.01971875 0.023041666666666665
1 0.5986328125 0.6844583333333334 0.010906250000000001 0.01998611111111111
0 0.374515625 0.15787500000000002 0.00459375 0.00836111111111111