0 0.42016406249999994 0.25130555555555556 0.0043124999999999995 0.008680555555555556
1 0.360109375 0.24456944444444445 0.011960937500000001 0.030083333333333333
1 0.3967265625 0.5408055555555555 0.01009375 0.01609722222222222
1 0.5258828125 0.19879166666666667 0.009234375 0.027208333333333334
1 0.437015625 0.6228333333333333 0.0106484375 0.018291666666666668
1 0.5825234375 0.43445833333333334 0.014734375 0.024805555555555556
1 0.5063515625 0.7673611111111112 0.0104921875 0.028722222222222222
1 0.610796875 0.6985972222222222 0.0113984375 0.020125
1 0.2751484375 0.7265694444444445 0.0158984375 0.026583333333333334
1 0.44604687500000006 0.7773472222222223 0.0094140625 0.02297222222222222
1 0.47680468749999994 0.3997361111111111 0.010734375 0.018361111111111113
1 0.47436718750000006 0.5260416666666666 0.0136875 0.024430555555555556
1 0.1525859375 0.5585972222222222 0.0172421875 0.022347222222222223