1 0.718265625 0.5538194444444444 0.0100546875 0.01597222222222222
1 0.718265625 0.47352777777777777 0.0171015625 0.026694444444444444
1 0.6313515625 0.7682361111111111 0.0102890625 0.035263888888888886
1 0.1586953125 0.48654166666666665 0.01525 0.021847222222222223
1 0.8408203125 0.8389722222222221 0.0153046875 0.022527777777777775
1 0.78271875 0.663625 0.01678125 0.022097222222222223
1 0.8520546875000001 0.5585972222222222 0.016921875 0.021513888888888888
1 0.9458046875000001 0.5755277777777777 0.021328125 0.01938888888888889
1 0.5224609375 0.5355972222222222 0.009453125 0.021930555555555554
1 0.7978515625 0.9244861111111111 0.01815625 0.027625
1 0.396 0.24695833333333334 0.009015625 0.020069444444444442
0 0.769046875 0.5607638888888888 0.0045234375 0.008013888888888888
1 0.7087734375 0.5557916666666667 0.014359374999999999 0.019