1 0.2290078125 0.2153888888888889 0.014453125 0.023333333333333334
1 0.4350625 0.8715277777777778 0.0091953125 0.026194444444444444
1 0.433109375 0.30859722222222224 0.0153671875 0.03227777777777777
1 0.3879375 0.71875 0.01053125 0.01923611111111111
1 0.21814843750000001 0.4283888888888889 0.0123984375 0.014277777777777776
1 0.47143750000000006 0.6879305555555556 0.0102890625 0.024055555555555556
0 0.22692968750000003 0.7934027777777778 0.0041640625 0.007291666666666667
1 0.52403125 0.49116666666666664 0.0168671875 0.022458333333333337
1 0.48852343749999994 0.3350694444444444 0.009601562499999999 0.021930555555555554
1 0.0667109375 0.5464444444444444 0.017578125 0.014888888888888889
1 0.8115234375 0.5438333333333334 0.018875 0.022347222222222223
1 0.1761484375 0.5594583333333334 0.018125 0.018583333333333334
1 0.2173359375 0.8106944444444445 0.027687499999999997 0.025208333333333333