1 0.6235390625 0.6384583333333333 0.0127265625 0.026083333333333333
1 0.35640625 0.7448055555555555 0.011609375 0.020888888888888887
1 0.48828125 0.8219583333333332 0.0106953125 0.021833333333333333
1 0.7622109375 0.5737916666666667 0.0180234375 0.02731944444444445
1 0.4975625 0.46484722222222224 0.013796875 0.028944444444444443
1 0.1273828125 0.4802361111111111 0.0161484375 0.019736111111111114
1 0.8828125 0.5451388888888888 0.0204140625 0.024430555555555556
1 0.308109375 0.27170833333333333 0.0147890625 0.029263888888888888
1 0.7578125 0.4908888888888889 0.0165859375 0.027000000000000003
1 0.6743203125 0.3246527777777778 0.0135859375 0.025486111111111112
1 0.6201171875 0.7881944444444444 0.013273437499999999 0.03204166666666667
1 0.5731015625 0.5374861111111111 0.0133125 0.016680555555555556
0 0.757328125 0.5412361111111111 0.00421875 0.007069444444444444