1 0.3537734375 0.2663888888888889 0.0145234375 0.02318055555555556
1 0.4140625 0.7226527777777777 0.01525 0.036708333333333336
1 0.146 0.48654166666666665 0.0191171875 0.019083333333333334
1 0.8151875000000001 0.40191666666666664 0.018375 0.020069444444444442
1 0.6821328125 0.8059861111111111 0.011164062499999999 0.023416666666666665
1 0.5413593750000001 0.8233194444444444 0.0145390625 0.01886111111111111
1 0.6806640625 0.6315138888888889 0.014171875 0.02359722222222222
1 0.556640625 0.48004166666666664 0.014226562500000001 0.02538888888888889
1 0.70790625 0.5605416666666666 0.0180859375 0.017541666666666667
1 0.8696328125000001 0.7079027777777778 0.0178515625 0.029055555555555557
1 0.9406953124999999 0.6414166666666666 0.0240390625 0.01586111111111111
1 0.8501015625000001 0.8862916666666667 0.0177734375 0.026694444444444444
0 0.8559609375000001 0.9748333333333333 0.004921875 0.008194444444444445