1 0.533203125 0.4900138888888889 0.0108203125 0.017597222222222222
1 0.47729687500000006 0.6914027777777778 0.0136875 0.030763888888888886
1 0.44164843749999994 0.875 0.011960937500000001 0.02315277777777778
1 0.2309609375 0.21690277777777775 0.0148984375 0.029625
1 0.3928203125 0.7295972222222221 0.010734375 0.022527777777777775
1 0.4365234375 0.3055555555555556 0.017578125 0.03426388888888889
1 0.0699453125 0.5373333333333333 0.020171875 0.027944444444444445
1 0.1851796875 0.5559861111111111 0.0197109375 0.022805555555555558
1 0.22131249999999997 0.8272638888888889 0.01615625 0.021027777777777777
1 0.21814062500000003 0.41927777777777775 0.0137421875 0.015666666666666666
1 0.8139687500000001 0.5434027777777778 0.02346875 0.024055555555555556
1 0.49609375 0.33768055555555554 0.0073203124999999996 0.017722222222222223
0 0.24328906250000001 0.7860277777777779 0.0048125 0.008930555555555554