1 0.4260390625 0.40093055555555557 0.013539062499999999 0.025930555555555557
1 0.39965625 0.2119166666666667 0.012484375 0.02711111111111111
1 0.5590859375 0.42426388888888894 0.013023437500000002 0.02323611111111111
1 0.45776562500000006 0.24934722222222222 0.009296875 0.02227777777777778
1 0.22717187499999997 0.6896666666666667 0.014734375 0.022347222222222223
1 0.227296875 0.49695833333333334 0.011203125 0.017944444444444443
1 0.397953125 0.844625 0.013953125 0.021180555555555557
1 0.352390625 0.5238055555555555 0.0170390625 0.019458333333333334
1 0.55225 0.6584166666666667 0.010984375000000001 0.02423611111111111
1 0.3664921875 0.6295555555555555 0.013625000000000002 0.02011111111111111
1 0.4571015625 0.7288194444444445 0.0145625 0.021972222222222223
1 0.392578125 0.5295138888888888 0.0158984375 0.03125
0 0.45434374999999994 0.7057361111111111 0.00425 0.008458333333333333