1 0.4399453125 0.6493055555555556 0.008515625 0.019083333333333334
1 0.48510937500000006 0.16395833333333332 0.014390625 0.03691666666666667
0 0.47339062500000006 0.532125 0.004609375000000001 0.009652777777777777
1 0.689453125 0.5590277777777778 0.012148437500000001 0.021680555555555554
1 0.0997890625 0.48525 0.0180234375 0.02305555555555556
1 0.61865625 0.1758888888888889 0.010781250000000001 0.025486111111111112
1 0.41772656250000006 0.8641527777777779 0.00784375 0.02297222222222222
1 0.6044921875 0.8216111111111111 0.009523437499999999 0.022625
1 0.7041015625 0.7161527777777777 0.011375 0.02731944444444445
1 0.21496093749999998 0.1602777777777778 0.0183828125 0.02448611111111111
1 0.2783203125 0.2064861111111111 0.013171875 0.029055555555555557
1 0.8266640625000001 0.5217083333333333 0.0147890625 0.024430555555555556
1 0.476953125 0.5188611111111111 0.0096171875 0.021902777777777778