1 0.50928125 0.7404583333333333 0.009273437499999999 0.020305555555555556
1 0.503421875 0.6427916666666667 0.009335937499999999 0.01984722222222222
1 0.6997109375 0.602 0.0153671875 0.021513888888888888
1 0.42065625000000006 0.8038194444444444 0.0102109375 0.025777777777777774
1 0.389125 0.3466527777777778 0.0133515625 0.025
1 0.5537109375 0.24804166666666666 0.0078125 0.02377777777777778
1 0.573734375 0.55425 0.012773437500000002 0.018152777777777778
1 0.544921875 0.45269444444444445 0.00784375 0.022875
1 0.43042187500000006 0.5924444444444444 0.010906250000000001 0.02022222222222222
1 0.45824999999999994 0.24891666666666667 0.011554687499999999 0.014055555555555554
0 0.4892578125 0.5737916666666667 0.0047578125 0.009097222222222222
1 0.44360156249999994 0.37651388888888887 0.008546874999999999 0.01326388888888889
1 0.4775390625 0.454 0.014226562500000001 0.026805555555555558