1 0.44106249999999997 0.25077777777777777 0.013296875 0.021541666666666667
1 0.646 0.3274722222222222 0.011875 0.018791666666666665
1 0.6586953125 0.578125 0.0135859375 0.019083333333333334
1 0.6318359375 0.41774999999999995 0.0121953125 0.028152777777777777
1 0.7060546875 0.6445277777777778 0.01428125 0.01976388888888889
0 0.41675000000000006 0.30533333333333335 0.0040234375 0.00836111111111111
1 0.654296875 0.7131111111111111 0.01009375 0.017652777777777778
1 0.8330078125 0.5086805555555556 0.018125 0.020458333333333335
1 0.7568359375 0.35156944444444443 0.0172421875 0.025097222222222222
1 0.5947265625 0.8871527777777778 0.0112421875 0.019083333333333334
1 0.560546875 0.46268055555555554 0.007640625 0.022097222222222223
1 0.284671875 0.4010416666666667 0.012828125000000001 0.027625
1 0.5258828125 0.3125 0.0077578125 0.01673611111111111