1 0.339046875 0.5370833333333334 0.016843749999999998 0.02448611111111111
1 0.31625000000000003 0.5850694444444444 0.0151484375 0.01934722222222222
1 0.30696875 0.4933472222222222 0.012867187499999998 0.017263888888888888
1 0.3869609375 0.5154861111111111 0.0122421875 0.020749999999999998
1 0.27490625 0.8506944444444444 0.011960937500000001 0.021847222222222223
1 0.23559375 0.22352777777777777 0.013328125 0.018430555555555554
1 0.3603515625 0.8016527777777779 0.011960937500000001 0.02061111111111111
1 0.10967968749999998 0.45702777777777776 0.01640625 0.01801388888888889
1 0.2942734375 0.6814305555555555 0.0137734375 0.020027777777777776
1 0.7543984375 0.5134583333333333 0.01640625 0.025486111111111112
1 0.380859375 0.3923611111111111 0.013375000000000001 0.02323611111111111
1 0.3740234375 0.2552638888888889 0.009234375 0.022444444444444444
0 0.31344531249999996 0.5278194444444444 0.0049140625 0.008402777777777778