1 0.3981953125 0.34656944444444443 0.0094140625 0.01801388888888889
1 0.452640625 0.8329027777777779 0.0116875 0.02731944444444445
1 0.515140625 0.7135416666666666 0.0096328125 0.025694444444444443
1 0.61865625 0.53125 0.0140625 0.02175
1 0.4711953125 0.3430972222222222 0.011875 0.024055555555555556
1 0.60575 0.2687222222222222 0.0158203125 0.022041666666666664
1 0.4794921875 0.42230555555555555 0.013632812499999999 0.026583333333333334
1 0.4599609375 0.2597638888888889 0.010328125 0.025194444444444446
1 0.5496953125 0.6655555555555556 0.0147421875 0.02022222222222222
0 0.5390625 0.6532083333333334 0.0041328125 0.008125
1 0.7422890625 0.5866805555555555 0.0163125 0.0275
1 0.5161171875 0.45790277777777777 0.00790625 0.02061111111111111
1 0.4536171875 0.5690138888888889 0.0095625 0.02175