1 0.41528124999999994 0.2517361111111111 0.010781250000000001 0.024333333333333332
1 0.7583046875 0.6362916666666667 0.0134296875 0.01916666666666667
1 0.8374062500000001 0.7513055555555557 0.014335937500000001 0.022875
1 0.541015625 0.45355555555555555 0.00821875 0.014
1 0.718265625 0.5030416666666666 0.01103125 0.024527777777777777
1 0.9233437500000001 0.5412361111111111 0.0249921875 0.02423611111111111
1 0.8491250000000001 0.48133333333333334 0.01634375 0.018152777777777778
1 0.7392578125 0.46918055555555555 0.013125000000000001 0.028722222222222222
0 0.69678125 0.4587638888888889 0.004609375000000001 0.008513888888888889
1 0.671875 0.7556388888888889 0.0081875 0.022444444444444444
1 0.741703125 0.9192777777777777 0.013023437500000002 0.02305555555555556
1 0.1748046875 0.48741666666666666 0.014835937499999998 0.018361111111111113
1 0.6743203125 0.5199722222222222 0.009601562499999999 0.014