1 0.194921875 0.41894444444444445 0.0190859375 0.019805555555555555
1 0.0373203125 0.5564305555555555 0.0185078125 0.01938888888888889
1 0.45239062499999994 0.3190138888888889 0.01009375 0.025875
1 0.397703125 0.8307361111111111 0.013125000000000001 0.035861111111111114
1 0.48608593750000006 0.5017361111111112 0.0123828125 0.02315277777777778
1 0.16028125 0.8203194444444445 0.0136875 0.02126388888888889
1 0.44116406250000006 0.6779583333333333 0.011375 0.036625000000000005
1 0.3645 0.6770833333333334 0.010984375000000001 0.018152777777777778
1 0.104859375 0.5969166666666667 0.0217734375 0.021625000000000002
1 0.22985937500000003 0.2172361111111111 0.013843749999999998 0.018791666666666665
1 0.39965625 0.32552777777777775 0.0158984375 0.029736111111111112
1 0.7685546875 0.53125 0.0179140625 0.022444444444444444
0 0.1013671875 0.6156666666666666 0.007656250000000001 0.012222222222222223