1 0.534671875 0.27581944444444445 0.0103671875 0.02377777777777778
1 0.401859375 0.7803888888888889 0.012234375 0.021513888888888888
1 0.45777343750000005 0.25127777777777777 0.016921875 0.028916666666666667
1 0.659671875 0.586375 0.0104921875 0.021680555555555554
1 0.5107421875 0.7261249999999999 0.0088515625 0.024708333333333332
1 0.5004921875 0.6297777777777778 0.00878125 0.018361111111111113
1 0.43846093750000004 0.41659722222222223 0.011671875 0.017638888888888888
1 0.4765625 0.45181944444444444 0.015078125000000001 0.024333333333333332
1 0.521 0.4743888888888889 0.006929687499999999 0.021513888888888888
1 0.3656328125 0.33194444444444443 0.0136875 0.018819444444444444
1 0.42260937500000006 0.5941805555555556 0.009234375 0.022875
1 0.5610390625 0.5646666666666667 0.007515625 0.021180555555555557
0 0.466796875 0.5212638888888889 0.004234375 0.008069444444444443