1 0.0980859375 0.46615277777777775 0.0224140625 0.021513888888888888
1 0.255125 0.6579861111111112 0.014835937499999998 0.020694444444444446
1 0.376953125 0.27799999999999997 0.0123828125 0.027944444444444445
1 0.3776875 0.3854166666666667 0.0137421875 0.024430555555555556
1 0.2365703125 0.22265277777777778 0.013023437500000002 0.024611111111111108
1 0.3876953125 0.5173611111111112 0.008921875 0.016527777777777777
1 0.2646484375 0.8480972222222222 0.013273437499999999 0.02315277777777778
1 0.331546875 0.5559861111111111 0.013632812499999999 0.024805555555555556
1 0.3304296875 0.5956527777777778 0.0169921875 0.01186111111111111
0 0.29053125 0.4791666666666667 0.006671874999999999 0.010708333333333334
1 0.28207031250000003 0.46694444444444444 0.0188515625 0.020444444444444446
1 0.751953125 0.5147638888888889 0.0174375 0.022347222222222223
1 0.35425 0.8077222222222221 0.012234375 0.019458333333333334