1 0.4751015625 0.25498611111111114 0.012867187499999998 0.025986111111111113
1 0.612796875 0.5342916666666666 0.013125000000000001 0.018152777777777778
1 0.24474999999999997 0.4704861111111111 0.0123359375 0.022194444444444444
1 0.233890625 0.21647222222222223 0.013484375000000002 0.029166666666666667
1 0.5614375 0.31331944444444443 0.01153125 0.024944444444444446
1 0.4853515625 0.8493888888888889 0.010906250000000001 0.035458333333333335
1 0.29028125 0.39301388888888894 0.01103125 0.02415277777777778
1 0.4187578125 0.6435 0.011921875 0.02073611111111111
1 0.06525 0.5190972222222222 0.01578125 0.021513888888888888
1 0.541015625 0.671875 0.0077578125 0.019680555555555555
1 0.7802734375 0.5438333333333334 0.0140078125 0.02175
1 0.302734375 0.8394166666666667 0.007203125 0.022527777777777775
0 0.4225 0.6740138888888889 0.0045625 0.007944444444444445