0 0.296390625 0.28429166666666666 0.004234375 0.008625
1 0.577640625 0.31575000000000003 0.010249999999999999 0.021513888888888888
1 0.6328125 0.6449722222222222 0.01146875 0.01998611111111111
1 0.47803125 0.29883333333333334 0.009453125 0.020305555555555556
1 0.538578125 0.8823749999999999 0.008375 0.021597222222222223
1 0.7919921875 0.453125 0.014671875000000001 0.025694444444444443
1 0.43578906249999994 0.22786111111111113 0.0087109375 0.017069444444444443
1 0.654296875 0.5763888888888888 0.013273437499999999 0.021347222222222222
1 0.697265625 0.2992638888888889 0.015187500000000001 0.022444444444444444
1 0.5517578125 0.40647222222222223 0.012531249999999999 0.024805555555555556
1 0.31070312499999997 0.25866666666666666 0.0175625 0.02711111111111111
1 0.5961953125 0.7122361111111111 0.00878125 0.020305555555555556
1 0.4988125 0.47975 0.012656249999999999 0.018666666666666665