1 0.3713359375 0.6814305555555555 0.013273437499999999 0.024055555555555556
1 0.2321796875 0.22125 0.015078125000000001 0.022097222222222223
1 0.45629687499999994 0.31727777777777777 0.012773437500000002 0.02711111111111111
1 0.1650390625 0.8185833333333333 0.01678125 0.02305555555555556
1 0.04559375 0.5503472222222222 0.0216953125 0.021597222222222223
1 0.49585156250000006 0.49869444444444444 0.011289062499999999 0.02126388888888889
1 0.7758828125 0.5342916666666666 0.017515625 0.02377777777777778
1 0.44555468749999994 0.6731805555555556 0.0094140625 0.025291666666666667
1 0.4033203125 0.8372361111111111 0.011640625 0.022527777777777775
1 0.1983671875 0.42295833333333327 0.0121015625 0.017458333333333333
1 0.1204609375 0.5812083333333333 0.025710937499999996 0.020958333333333332
1 0.40600781250000006 0.32379166666666664 0.016523437499999998 0.036708333333333336
0 0.11377343749999999 0.6050416666666667 0.0050234375 0.009541666666666667