1 0.5400390625 0.47091666666666665 0.0086171875 0.016416666666666666
1 0.169921875 0.48741666666666666 0.01634375 0.01901388888888889
1 0.7641640625 0.6371527777777778 0.015484375 0.02423611111111111
1 0.8388671875 0.7686666666666667 0.014953125000000001 0.02077777777777778
1 0.7543984375 0.9210138888888889 0.013023437500000002 0.020541666666666666
1 0.677734375 0.5399305555555556 0.011554687499999999 0.01984722222222222
1 0.6665078125 0.7612916666666667 0.010171875 0.021597222222222223
1 0.724125 0.5186666666666666 0.0122890625 0.01801388888888889
1 0.41015625 0.2517361111111111 0.011875 0.02711111111111111
1 0.8549843750000001 0.49609722222222224 0.0153671875 0.01923611111111111
1 0.7446328125 0.4600694444444444 0.014453125 0.027430555555555555
1 0.9331093750000001 0.5373333333333333 0.0235625 0.02315277777777778
0 0.7138671875 0.4605 0.0040078125 0.007736111111111111