1 0.60303125 0.8940972222222222 0.011828125 0.029944444444444444
1 0.6201171875 0.17556944444444444 0.011960937500000001 0.025694444444444443
1 0.4868203125 0.16069444444444445 0.0135859375 0.03252777777777778
1 0.6782265625 0.5620694444444444 0.009273437499999999 0.01961111111111111
1 0.0896015625 0.48741666666666666 0.020171875 0.020694444444444446
1 0.2587890625 0.3205277777777778 0.014171875 0.01961111111111111
1 0.4790078125 0.48480555555555555 0.00784375 0.021347222222222222
1 0.8413281250000001 0.530625 0.0208515625 0.024847222222222222
1 0.6997109375 0.7309027777777778 0.0120078125 0.02201388888888889
1 0.20782812499999997 0.163125 0.0147890625 0.027125000000000003
1 0.3891640625 0.8732638888888888 0.0145546875 0.028944444444444443
1 0.44702343750000006 0.6493055555555556 0.0094140625 0.016930555555555556
0 0.5518125 0.6760833333333333 0.00603125 0.007944444444444445