1 0.3731875 0.38979166666666665 0.0150546875 0.023805555555555555
1 0.40258593749999994 0.3339861111111111 0.0122890625 0.025194444444444446
1 0.22985937500000003 0.21766666666666667 0.01353125 0.017875
1 0.065859375 0.5052083333333334 0.018125 0.018361111111111113
1 0.3256875 0.6523472222222222 0.014335937500000001 0.030194444444444444
1 0.1849375 0.6271666666666667 0.0155390625 0.023416666666666665
1 0.4126015625 0.5217083333333333 0.01178125 0.019458333333333334
1 0.228515625 0.8576388888888888 0.014835937499999998 0.01998611111111111
1 0.3396015625 0.6245694444444444 0.011640625 0.01961111111111111
1 0.21691406249999998 0.45295833333333335 0.012671874999999999 0.01675
1 0.3420390625 0.8285555555555555 0.0084765625 0.016805555555555556
1 0.7529296875 0.5420972222222222 0.011554687499999999 0.02423611111111111
0 0.21946875000000002 0.4640416666666667 0.0044921875 0.00938888888888889