1 0.56396875 0.563375 0.00809375 0.016416666666666666
1 0.44018750000000006 0.41731944444444447 0.009523437499999999 0.017652777777777778
1 0.538578125 0.27518055555555554 0.0105703125 0.022805555555555558
1 0.46088281249999996 0.25077777777777777 0.015742187499999998 0.027694444444444445
1 0.48071093749999994 0.45181944444444444 0.0140625 0.024430555555555556
1 0.4267578125 0.5616388888888889 0.0091953125 0.020458333333333335
1 0.41332812499999994 0.7638888888888888 0.010859375000000001 0.020541666666666666
1 0.370359375 0.36350000000000005 0.0105703125 0.020305555555555556
1 0.5043984375 0.6189305555555555 0.009335937499999999 0.01659722222222222
1 0.6552734375 0.5455694444444444 0.0119140625 0.024333333333333332
1 0.5004921875 0.7044305555555556 0.010328125 0.023875
1 0.5029296875 0.49956944444444445 0.011328125 0.015069444444444444
0 0.46948437500000006 0.5177916666666667 0.004328125 0.007763888888888889