1 0.42358593750000006 0.7118055555555556 0.0137421875 0.02061111111111111
1 0.7270546875 0.5607638888888888 0.0199453125 0.021680555555555554
1 0.555359375 0.8292777777777778 0.013242187499999999 0.01865277777777778
1 0.5668984375 0.48480555555555555 0.0147890625 0.025986111111111113
1 0.947265625 0.6354166666666666 0.0191171875 0.020541666666666666
1 0.151609375 0.48741666666666666 0.017640625 0.017458333333333333
1 0.6953750000000001 0.8021527777777777 0.0150546875 0.021055555555555557
1 0.8330078125 0.4290416666666667 0.015601562499999999 0.017527777777777778
1 0.6918984375 0.6449722222222222 0.014453125 0.018930555555555558
1 0.8689843749999999 0.9357777777777778 0.016515625 0.018680555555555554
1 0.8823593750000001 0.747 0.0190234375 0.021916666666666664
0 0.8602421874999999 0.9538472222222222 0.004828125 0.009416666666666667
1 0.3640078125 0.26931944444444444 0.015476562499999999 0.023111111111111114