1 0.1259765625 0.48004166666666664 0.011734375 0.01901388888888889
1 0.693359375 0.3287777777777778 0.015671875 0.025291666666666667
1 0.36328125 0.7439305555555555 0.014671875000000001 0.03125
1 0.58740625 0.5399305555555556 0.012968750000000001 0.01984722222222222
1 0.77490625 0.555125 0.018875 0.023972222222222225
0 0.783203125 0.6354166666666666 0.00425 0.006986111111111111
1 0.5043984375 0.46615277777777775 0.0121953125 0.02711111111111111
1 0.31128125 0.26866666666666666 0.006929687499999999 0.01673611111111111
1 0.6357421875 0.6267361111111112 0.01621875 0.021597222222222223
1 0.8901406250000001 0.5490416666666667 0.014226562500000001 0.029486111111111112
1 0.771 0.5138888888888888 0.0123828125 0.03173611111111111
1 0.494953125 0.8190277777777778 0.008484374999999999 0.018916666666666665
1 0.6214140625 0.7849444444444444 0.0168515625 0.027222222222222224