1 0.2160625 0.6649305555555556 0.01353125 0.01976388888888889
1 0.583984375 0.4181805555555555 0.0110703125 0.021513888888888888
1 0.23986718749999997 0.46484722222222224 0.0115078125 0.01411111111111111
1 0.54296875 0.632375 0.01178125 0.03925
1 0.38428125 0.8433194444444445 0.010453125 0.022527777777777775
1 0.4262734375 0.38931944444444444 0.008921875 0.021347222222222222
1 0.44555468749999994 0.26084722222222223 0.009523437499999999 0.02690277777777778
1 0.43921093750000006 0.7586805555555556 0.0088828125 0.017388888888888888
1 0.33984375 0.5217083333333333 0.008921875 0.015791666666666666
1 0.344484375 0.6072083333333333 0.012921875 0.03930555555555556
0 0.385984375 0.602 0.0044296875 0.009986111111111112
1 0.378171875 0.5112916666666667 0.016843749999999998 0.024805555555555556
1 0.3988515625 0.20747222222222222 0.014070312500000001 0.02684722222222222