1 0.47778124999999994 0.5212638888888889 0.0091953125 0.02752777777777778
1 0.486328125 0.15983333333333333 0.01634375 0.035041666666666665
1 0.0987578125 0.48220833333333335 0.01678125 0.01938888888888889
1 0.62109375 0.17284722222222224 0.01103125 0.023972222222222225
1 0.681640625 0.5642361111111112 0.0096328125 0.021111111111111112
1 0.20227343750000001 0.1440972222222222 0.0105703125 0.018722222222222223
1 0.269484375 0.2559722222222222 0.012796875 0.022486111111111113
1 0.8266640625000001 0.5199722222222222 0.01628125 0.02752777777777778
1 0.7080078125 0.71875 0.014953125000000001 0.022625
1 0.5942421875 0.8745694444444445 0.008953125000000001 0.030763888888888886
1 0.44067187499999994 0.6467083333333333 0.0062890625 0.013013888888888887
1 0.3923359375 0.8663194444444444 0.01040625 0.018361111111111113
0 0.475015625 0.5299444444444444 0.004296875 0.008680555555555556