1 0.474703125 0.5170833333333333 0.00959375 0.016916666666666667
1 0.48473437500000005 0.1585 0.0164609375 0.02601388888888889
1 0.618859375 0.17355555555555555 0.014109374999999999 0.023888888888888887
1 0.8245234375000001 0.5208333333333334 0.020999999999999998 0.027722222222222224
1 0.687546875 0.5575 0.0133125 0.022347222222222223
1 0.704375 0.7128888888888889 0.0138828125 0.026833333333333334
1 0.6034765625 0.8288749999999999 0.01053125 0.02816666666666667
1 0.4399453125 0.6475555555555556 0.011226562499999999 0.02188888888888889
1 0.4123984375 0.8648472222222223 0.014101562500000001 0.024805555555555556
1 0.0985625 0.4830416666666667 0.020890625 0.028458333333333332
1 0.27690625 0.21390277777777778 0.0152421875 0.02322222222222222
1 0.210359375 0.15416666666666667 0.017656250000000002 0.027472222222222224
0 0.4732578125 0.5324722222222222 0.0061484375 0.011513888888888888