1 0.49643750000000003 0.19302777777777777 0.017445312499999997 0.03061111111111111
1 0.4788046875 0.42723611111111115 0.0111328125 0.022611111111111113
1 0.60821875 0.23912499999999998 0.013117187499999999 0.026458333333333334
1 0.8134140625 0.5655138888888889 0.019671875 0.02334722222222222
1 0.6324687499999999 0.7635277777777778 0.013359375000000001 0.02347222222222222
1 0.6684765625 0.5688194444444444 0.0111328125 0.022027777777777778
1 0.576796875 0.8794166666666666 0.015585937499999999 0.022986111111111113
1 0.45425000000000004 0.6878194444444444 0.01175 0.018541666666666665
1 0.37791406250000004 0.848 0.01496875 0.027430555555555555
1 0.2160625 0.1958888888888889 0.0187109375 0.02694444444444444
1 0.259421875 0.3732083333333333 0.0181171875 0.028375
1 0.0847890625 0.5016805555555556 0.0234609375 0.023958333333333335
0 0.57625 0.8434166666666667 0.005296875 0.011458333333333333