1 0.47632031250000006 0.45181944444444444 0.014453125 0.024611111111111108
0 0.4692421875 0.5273472222222222 0.0039765625 0.007916666666666667
1 0.49682812500000006 0.6306388888888889 0.008671874999999999 0.01976388888888889
1 0.562015625 0.5638055555555556 0.0115078125 0.014958333333333332
1 0.5356484375 0.26193055555555556 0.0102109375 0.02369444444444444
1 0.43676562499999994 0.40929166666666666 0.00784375 0.015361111111111112
1 0.6626015625 0.5859444444444445 0.0153671875 0.02305555555555556
1 0.4008828125 0.7964444444444445 0.00978125 0.029375
1 0.4555703125 0.25043055555555555 0.013375000000000001 0.027208333333333334
1 0.365234375 0.32616666666666666 0.010453125 0.018291666666666668
1 0.4204140625 0.59375 0.007640625 0.019083333333333334
1 0.5122109375 0.7309027777777778 0.0069609375 0.021513888888888888
1 0.521484375 0.4704861111111111 0.0082578125 0.021847222222222223