1 0.2309609375 0.21322222222222223 0.013171875 0.022194444444444444
1 0.39209375 0.7252638888888889 0.01103125 0.022444444444444444
1 0.43481249999999994 0.30751388888888886 0.016843749999999998 0.030763888888888886
1 0.182375 0.5590277777777778 0.018828125 0.01801388888888889
0 0.23815624999999999 0.7877638888888889 0.0047734375 0.008625
1 0.530765625 0.4908888888888889 0.0078125 0.0185
1 0.49242968749999994 0.34005555555555556 0.011554687499999999 0.025
1 0.21814062500000003 0.4255694444444445 0.0135859375 0.01586111111111111
1 0.06915625 0.5364583333333334 0.02203125 0.026486111111111113
1 0.8125 0.5454861111111111 0.024523437500000002 0.027000000000000003
1 0.4765625 0.6849027777777777 0.00790625 0.014833333333333334
1 0.443359375 0.8710972222222223 0.00784375 0.01311111111111111
1 0.2170390625 0.8216111111111111 0.01615625 0.024611111111111108