1 0.5629921875 0.49869444444444444 0.009015625 0.017944444444444443
1 0.497671875 0.6839166666666667 0.0168671875 0.020708333333333332
1 0.45141406249999994 0.2881944444444444 0.0154296875 0.029166666666666667
1 0.23278906250000003 0.21408333333333332 0.013023437500000002 0.025875
1 0.07146875 0.5069444444444444 0.018187500000000002 0.01923611111111111
1 0.25834375 0.8432083333333333 0.020453125 0.02238888888888889
1 0.5258828125 0.33984722222222224 0.013796875 0.033875
1 0.2294921875 0.4042916666666666 0.0135859375 0.022194444444444444
1 0.20959374999999997 0.5290833333333333 0.014226562500000001 0.01938888888888889
1 0.47182031249999995 0.8836805555555556 0.013242187499999999 0.017958333333333333
0 0.324953125 0.7491388888888889 0.00540625 0.010263888888888888
1 0.399171875 0.7356805555555557 0.0094140625 0.021180555555555557
1 0.8076171875 0.5507777777777778 0.0199453125 0.02323611111111111