1 0.42359375000000005 0.24733333333333335 0.014984375 0.024347222222222225
1 0.7319375 0.6245694444444444 0.0140078125 0.01916666666666667
1 0.18882812499999999 0.4821666666666667 0.0148046875 0.021486111111111112
1 0.8134765625 0.7013888888888888 0.0125703125 0.021430555555555557
1 0.7023515625 0.45541666666666664 0.015234375 0.02402777777777778
1 0.5465234375 0.4129305555555556 0.010078125 0.023500000000000004
1 0.896234375 0.5421666666666667 0.025078125 0.024847222222222222
1 0.8281875 0.43470833333333336 0.01971875 0.02702777777777778
1 0.6762734375 0.7387222222222222 0.011289062499999999 0.0185
1 0.66015625 0.47091666666666665 0.00978125 0.022708333333333334
1 0.7265625 0.44922222222222224 0.013632812499999999 0.029736111111111112
0 0.6591796875 0.45355555555555555 0.00471875 0.00836111111111111
1 0.7036171875 0.9027777777777778 0.014953125000000001 0.025777777777777774