1 0.8364296875000001 0.515625 0.0195625 0.021597222222222223
1 0.4438515625 0.24869444444444444 0.00803125 0.014680555555555556
1 0.28125 0.4116805555555556 0.0158359375 0.02315277777777778
1 0.64209375 0.4210138888888889 0.012773437500000002 0.02786111111111111
1 0.7641640625 0.3506944444444444 0.017515625 0.01952777777777778
1 0.6547890625 0.3292083333333333 0.011734375 0.025
1 0.715671875 0.6441527777777778 0.016960937500000002 0.019805555555555555
1 0.530765625 0.3205277777777778 0.010859375000000001 0.025986111111111113
1 0.6044921875 0.8854166666666666 0.0082890625 0.019305555555555555
1 0.6611328125 0.71875 0.010249999999999999 0.013055555555555556
1 0.6650390625 0.5794305555555556 0.0121953125 0.01901388888888889
1 0.5649453125 0.4600694444444444 0.013125000000000001 0.02415277777777778
0 0.44507031250000006 0.3135833333333333 0.004296875 0.008097222222222223