1 0.5356484375 0.2753888888888889 0.01053125 0.024430555555555556
1 0.50146875 0.6284722222222222 0.007640625 0.014833333333333334
1 0.51171875 0.7256944444444444 0.0084765625 0.025694444444444443
1 0.45717968750000004 0.24759722222222225 0.017015625 0.020208333333333335
1 0.421390625 0.59375 0.00834375 0.018791666666666665
1 0.3655234375 0.33084722222222224 0.0126015625 0.01626388888888889
1 0.4385625 0.4134722222222222 0.0107578125 0.013277777777777779
1 0.40307812500000006 0.7816805555555555 0.012484375 0.024805555555555556
1 0.66025 0.5864999999999999 0.012484375 0.020722222222222222
1 0.5224609375 0.4739583333333333 0.0080625 0.022708333333333334
0 0.46753125000000006 0.5182361111111111 0.004117187499999999 0.007375
1 0.5625 0.5629305555555556 0.0083125 0.026291666666666665
1 0.47753125 0.4502083333333333 0.013820312500000001 0.023069444444444445