1 0.49565625 0.18919444444444444 0.01484375 0.022930555555555558
1 0.2587890625 0.36913888888888885 0.01428125 0.026694444444444444
1 0.2153359375 0.19640277777777776 0.013843749999999998 0.026583333333333334
1 0.609375 0.23502777777777778 0.010984375000000001 0.02415277777777778
1 0.4575234375 0.6888055555555556 0.010249999999999999 0.013625
1 0.08321875 0.5013888888888889 0.0222421875 0.022958333333333334
1 0.582125 0.8819444444444444 0.011226562499999999 0.018944444444444444
1 0.8137734375000001 0.5665833333333333 0.020617187500000002 0.02086111111111111
1 0.669921875 0.57075 0.009296875 0.01998611111111111
1 0.3805625 0.8461944444444445 0.01071875 0.019666666666666666
1 0.634765625 0.7608472222222221 0.01040625 0.024611111111111108
1 0.47954687500000004 0.4296666666666667 0.006140625 0.015666666666666666
0 0.5805703125 0.8350694444444444 0.0039453125 0.007875