1 0.6704140625 0.34223611111111113 0.0134296875 0.036083333333333335
1 0.733375 0.6452361111111111 0.018421874999999997 0.020125
1 0.659671875 0.42209722222222223 0.01640625 0.028152777777777777
1 0.26953125 0.42773611111111115 0.0148984375 0.018583333333333334
1 0.6748046875 0.5833333333333334 0.016523437499999998 0.023333333333333334
1 0.849609375 0.532125 0.0173828125 0.021180555555555557
1 0.5376015625 0.33484722222222224 0.01571875 0.02538888888888889
1 0.6220859375 0.887125 0.012968750000000001 0.028402777777777777
1 0.7778359375 0.35677777777777775 0.015671875 0.021347222222222222
1 0.5805703125 0.44922222222222224 0.007875 0.02061111111111111
1 0.667984375 0.7273750000000001 0.0123984375 0.017277777777777777
1 0.444125 0.25031944444444443 0.0089296875 0.02001388888888889
0 0.5141640625 0.33029166666666665 0.0045078125 0.010069444444444445