1 0.6821328125 0.36068055555555556 0.010906250000000001 0.022708333333333334
1 0.861328125 0.5416666666666666 0.02021875 0.022097222222222223
1 0.44164843749999994 0.25216666666666665 0.010249999999999999 0.024708333333333332
1 0.6801796875 0.4318611111111111 0.018875 0.03040277777777778
1 0.7583046875 0.6536527777777777 0.0084765625 0.01597222222222222
1 0.6884765625 0.5924444444444444 0.013953125 0.02022222222222222
1 0.6748046875 0.7400138888888889 0.014335937500000001 0.02175
1 0.792484375 0.36913888888888885 0.014335937500000001 0.017791666666666667
0 0.55078125 0.33768055555555554 0.0038984375 0.007875
1 0.642578125 0.8923611111111112 0.0125703125 0.026194444444444444
1 0.562015625 0.3194444444444444 0.0067734375 0.012083333333333333
1 0.2517109375 0.43858333333333327 0.0119140625 0.016291666666666666
1 0.5903359375 0.4427083333333333 0.0084453125 0.015194444444444444