1 0.12432812499999998 0.47483333333333333 0.0147890625 0.019916666666666666
1 0.401859375 0.43901388888888887 0.013375000000000001 0.025291666666666667
1 0.423859375 0.5239583333333333 0.015796875 0.021638888888888888
1 0.2880859375 0.8394166666666667 0.01103125 0.021597222222222223
1 0.395265625 0.8082777777777779 0.010984375000000001 0.017027777777777777
1 0.41870312500000006 0.6202222222222222 0.011289062499999999 0.020305555555555556
1 0.2504921875 0.24154166666666665 0.014171875 0.02022222222222222
1 0.4047890625 0.234375 0.0090859375 0.02323611111111111
1 0.4375 0.46918055555555555 0.0160234375 0.022444444444444444
0 0.4501953125 0.7860277777777779 0.0050390625 0.009430555555555555
1 0.3786640625 0.6935833333333333 0.010171875 0.020305555555555556
1 0.7783203125 0.5685833333333333 0.0154296875 0.020069444444444442
1 0.44113281249999997 0.7730833333333333 0.01784375 0.02275