1 0.1560078125 0.48741666666666666 0.0140078125 0.01865277777777778
1 0.5961953125 0.7643472222222223 0.0112421875 0.020277777777777777
1 0.3935546875 0.24891666666666667 0.008375 0.014444444444444446
1 0.7214765625 0.5575416666666667 0.014046875 0.012763888888888889
1 0.8618203125000001 0.5486111111111112 0.0173046875 0.01961111111111111
1 0.9497109375000001 0.6328194444444445 0.021984375 0.018291666666666668
1 0.865234375 0.8849861111111111 0.015078125000000001 0.029375
1 0.4970703125 0.6193611111111111 0.0071484375 0.018930555555555558
1 0.6611328125 0.5004305555555556 0.016523437499999998 0.03125
1 0.7574921875 0.7493888888888888 0.0155078125 0.03079166666666667
1 0.8510078125 0.9516111111111111 0.013984374999999999 0.022097222222222223
0 0.84375 0.9314305555555555 0.005203125 0.0095
1 0.7135703125 0.5625833333333333 0.016328125 0.011875