1 0.5239296875 0.8155416666666667 0.010453125 0.015361111111111112
1 0.1357421875 0.48741666666666666 0.0136875 0.018361111111111113
1 0.3403359375 0.2708333333333333 0.0120546875 0.02711111111111111
1 0.3962421875 0.7243888888888889 0.01053125 0.01923611111111111
1 0.67334375 0.5546944444444445 0.01353125 0.01976388888888889
1 0.54053125 0.4756944444444444 0.0145546875 0.029055555555555557
1 0.6630859375 0.8055555555555556 0.014953125000000001 0.028486111111111115
1 0.927734375 0.6397638888888889 0.0218671875 0.018152777777777778
0 0.8403359375000001 0.9114583333333334 0.0045390625 0.010555555555555556
1 0.667484375 0.6206666666666667 0.015078125000000001 0.01961111111111111
1 0.8251953125 0.7873333333333333 0.0179140625 0.03040277777777778
1 0.783203125 0.3713055555555555 0.017515625 0.024333333333333332
1 0.85546875 0.6397638888888889 0.015671875 0.024902777777777777