1 0.45678906250000006 0.25543055555555555 0.0076953125 0.017944444444444443
1 0.47973437499999994 0.3346388888888889 0.009601562499999999 0.028624999999999998
1 0.458984375 0.8398472222222223 0.0121015625 0.02826388888888889
1 0.7475625 0.5742222222222222 0.018828125 0.026083333333333333
1 0.517578125 0.7139722222222221 0.0097421875 0.021180555555555557
1 0.48168749999999994 0.41233333333333333 0.013953125 0.026291666666666665
1 0.452640625 0.5625 0.009523437499999999 0.01998611111111111
1 0.6157265625 0.2721388888888889 0.014226562500000001 0.028055555555555556
1 0.62646875 0.5316805555555556 0.014953125000000001 0.01998611111111111
1 0.39811718749999997 0.34808333333333336 0.0116484375 0.020638888888888887
1 0.5024453125 0.4565972222222222 0.0084453125 0.020694444444444446
1 0.5616953125 0.6543055555555556 0.014203125 0.020791666666666667
0 0.5536484374999999 0.6584444444444444 0.0036796875 0.007875