1 0.13403125 0.5829027777777778 0.0263046875 0.028833333333333336
1 0.3740234375 0.6857638888888888 0.010734375 0.021597222222222223
1 0.2309609375 0.22005555555555556 0.013843749999999998 0.022527777777777775
1 0.4111328125 0.3205277777777778 0.015601562499999999 0.03136111111111111
1 0.171875 0.8111944444444443 0.0206484375 0.02377777777777778
1 0.2060546875 0.4275138888888889 0.016921875 0.01801388888888889
1 0.4516640625 0.67925 0.011640625 0.02297222222222222
1 0.40844531249999994 0.8411527777777777 0.009710937499999999 0.01938888888888889
1 0.047695312499999996 0.5464444444444444 0.014671875000000001 0.017722222222222223
1 0.5004921875 0.4991388888888889 0.0102109375 0.021180555555555557
1 0.4638671875 0.31531944444444443 0.01178125 0.020388888888888887
1 0.780765625 0.5329861111111112 0.019164062500000002 0.021597222222222223
0 0.12445312500000001 0.5924444444444444 0.004828125 0.008888888888888889