1 0.8226171875 0.49934722222222216 0.021156249999999998 0.020027777777777776
1 0.6171875 0.41731944444444447 0.0140078125 0.025291666666666667
1 0.6352578125 0.32595833333333335 0.008375 0.018722222222222223
1 0.2934609375 0.35047222222222224 0.011421875 0.01998611111111111
1 0.6923984375 0.6471527777777778 0.018796874999999998 0.017472222222222222
1 0.7470703125 0.3524305555555556 0.016843749999999998 0.02369444444444444
1 0.646484375 0.7096388888888889 0.0074062500000000005 0.01609722222222222
1 0.43823437500000006 0.25 0.009453125 0.025097222222222222
1 0.5493203125 0.4722222222222222 0.012148437500000001 0.02227777777777778
0 0.3786640625 0.29254166666666664 0.004234375 0.008458333333333333
1 0.6567421875 0.5772638888888889 0.0127265625 0.01901388888888889
1 0.5205078125 0.29838888888888887 0.013242187499999999 0.022930555555555558
1 0.5791015625 0.8917499999999999 0.0134296875 0.021847222222222223