1 0.73584375 0.46744444444444444 0.0177734375 0.029375
1 0.786625 0.921875 0.0151328125 0.021180555555555557
1 0.399171875 0.24956944444444445 0.0071484375 0.016027777777777776
1 0.5302734375 0.5190972222222222 0.009929687500000001 0.027000000000000003
1 0.6430703125 0.7608472222222221 0.010781250000000001 0.019083333333333334
0 0.7578125 0.5078194444444445 0.0040234375 0.008069444444444443
1 0.83984375 0.813375 0.0158984375 0.024708333333333332
1 0.159421875 0.48394444444444445 0.0153046875 0.020541666666666666
1 0.849609375 0.5442777777777777 0.017046875 0.02022222222222222
1 0.9438515625000001 0.5607638888888888 0.0231015625 0.022708333333333334
1 0.7778359375 0.6553888888888889 0.015015625 0.022875
1 0.7236328125 0.546875 0.010984375000000001 0.016666666666666666
1 0.7006875 0.5538194444444444 0.009523437499999999 0.013583333333333333