1 0.10022656249999999 0.4816944444444444 0.0205546875 0.025069444444444446
1 0.26940624999999996 0.25631944444444443 0.012742187499999998 0.028624999999999998
1 0.2056484375 0.14875 0.0182578125 0.023208333333333334
1 0.486640625 0.1569722222222222 0.0168515625 0.03111111111111111
1 0.6200625 0.17250000000000001 0.014046875 0.025763888888888888
1 0.8273203125 0.5202361111111111 0.019859375000000002 0.031055555555555555
1 0.7082421875 0.7197777777777777 0.017656250000000002 0.02672222222222222
1 0.6813046875000001 0.5635833333333333 0.014945312499999999 0.025736111111111112
1 0.479515625 0.5180138888888889 0.01103125 0.01698611111111111
1 0.4408984375 0.6464583333333334 0.0084296875 0.021347222222222222
1 0.3939453125 0.8697361111111112 0.0114375 0.02059722222222222
1 0.59528125 0.8636805555555556 0.012640624999999999 0.02775
0 0.47550781249999996 0.5320277777777778 0.0048125 0.01184722222222222