1 0.2482890625 0.6540833333333333 0.010171875 0.021680555555555554
1 0.376953125 0.38606944444444447 0.013843749999999998 0.024430555555555556
1 0.2370625 0.22309722222222222 0.012773437500000002 0.025097222222222222
1 0.0978125 0.4691944444444444 0.023570312500000003 0.024319444444444446
1 0.2634296875 0.8498333333333333 0.013796875 0.023500000000000004
1 0.3896484375 0.5190972222222222 0.010453125 0.018791666666666665
1 0.750484375 0.5146388888888889 0.0166640625 0.022708333333333334
1 0.279296875 0.46615277777777775 0.0166640625 0.021847222222222223
1 0.32959375 0.5594583333333334 0.01353125 0.02752777777777778
1 0.331296875 0.602 0.0148984375 0.021597222222222223
1 0.376953125 0.2788611111111111 0.0098984375 0.02175
1 0.3557109375 0.8146666666666665 0.0155390625 0.03222222222222222
0 0.28815625 0.4784305555555556 0.0064765625 0.011555555555555557