1 0.5800390625 0.6336527777777778 0.010203125 0.01876388888888889
1 0.761234375 0.5325555555555556 0.0179140625 0.023333333333333334
1 0.5087890625 0.313375 0.0121015625 0.024055555555555556
1 0.42944531250000006 0.5256111111111111 0.011375 0.024333333333333332
1 0.4067421875 0.34049999999999997 0.0102890625 0.02369444444444444
1 0.6333046875 0.25043055555555555 0.0124296875 0.026291666666666665
1 0.4965859375 0.4010416666666667 0.013023437500000002 0.028944444444444443
1 0.44838281249999995 0.25493055555555555 0.013515625 0.03223611111111111
1 0.4848671875 0.8563333333333333 0.011828125 0.02297222222222222
1 0.41015625 0.43598611111111113 0.012531249999999999 0.038875
1 0.648703125 0.553861111111111 0.0154140625 0.022069444444444444
1 0.5378984375 0.7082638888888889 0.012953125 0.02086111111111111
0 0.413875 0.44859722222222226 0.006750000000000001 0.01011111111111111