1 0.1547890625 0.48568055555555556 0.0160234375 0.019680555555555555
1 0.3830546875 0.26540277777777777 0.0098984375 0.01998611111111111
1 0.9521484375 0.6362916666666667 0.0239140625 0.017263888888888888
1 0.7485390625 0.5568611111111111 0.01159375 0.018722222222222223
1 0.859375 0.48394444444444445 0.0153046875 0.019916666666666666
1 0.6962890625 0.6458333333333334 0.0127265625 0.018791666666666665
1 0.5835 0.8172777777777779 0.008953125000000001 0.015791666666666666
1 0.73046875 0.7925416666666667 0.01178125 0.017388888888888888
1 0.8950234375000001 0.8116388888888889 0.0171015625 0.028833333333333336
1 0.59765625 0.4943611111111111 0.0151328125 0.025097222222222222
1 0.4560546875 0.6783888888888889 0.008671874999999999 0.01886111111111111
1 0.8664687499999999 0.9597777777777777 0.0160078125 0.03733333333333333
0 0.8578515624999999 0.9414722222222223 0.0053515624999999995 0.00976388888888889