1 0.41625781249999994 0.24609722222222222 0.0072343749999999995 0.01976388888888889
1 0.6762734375 0.7447916666666666 0.0068515625 0.01686111111111111
1 0.731265625 0.46655555555555556 0.0159453125 0.028874999999999998
1 0.8310546875 0.7339444444444445 0.013218750000000001 0.02315277777777778
0 0.68115625 0.4583333333333333 0.0045703125 0.007430555555555555
1 0.9140625 0.5438333333333334 0.024335937499999998 0.024805555555555556
1 0.71240625 0.4869861111111111 0.0140078125 0.020458333333333335
1 0.7475625 0.6319444444444444 0.0151328125 0.01615277777777778
1 0.6665078125 0.5004305555555556 0.010984375000000001 0.020458333333333335
1 0.8447265625 0.46615277777777775 0.01525 0.01923611111111111
1 0.5427890625 0.4391805555555555 0.0118046875 0.015930555555555555
1 0.1798125 0.4908888888888889 0.0158984375 0.023333333333333334
1 0.7294921875 0.9192777777777777 0.010734375 0.027625