1 0.49340624999999994 0.18001388888888892 0.01621875 0.042041666666666665
1 0.2563515625 0.3513472222222222 0.0120078125 0.01923611111111111
1 0.2099609375 0.17740277777777777 0.012484375 0.025875
1 0.6728515625 0.569875 0.01053125 0.021930555555555554
1 0.0831328125 0.48915277777777777 0.0189375 0.026486111111111113
1 0.4580078125 0.6809861111111111 0.009375 0.02126388888888889
1 0.6142578125 0.20258333333333337 0.011375 0.02690277777777778
1 0.3857421875 0.8545972222222221 0.010249999999999999 0.02377777777777778
1 0.830078125 0.5559861111111111 0.0140078125 0.02377777777777778
1 0.5981484375 0.8932361111111111 0.011375 0.035458333333333335
0 0.6254921875 0.7369861111111111 0.0043124999999999995 0.007763888888888889
1 0.47827343750000006 0.44705555555555554 0.0086171875 0.010888888888888889
1 0.6430703125 0.7486944444444443 0.014335937500000001 0.030305555555555554