0 0.2995625 0.28450000000000003 0.004265625 0.008722222222222223
1 0.5849609375 0.31619444444444444 0.0081875 0.018083333333333333
1 0.5063515625 0.4861111111111111 0.0130703125 0.02826388888888889
1 0.48461718749999994 0.2957916666666667 0.0084765625 0.022708333333333334
1 0.5600625 0.4105972222222222 0.012968750000000001 0.026486111111111113
1 0.6396484375 0.6475694444444444 0.011640625 0.02323611111111111
1 0.6001015625 0.7118055555555556 0.00784375 0.020944444444444446
1 0.6538125 0.5772638888888889 0.013171875 0.022194444444444444
1 0.703125 0.30643055555555554 0.0159609375 0.024333333333333332
1 0.319578125 0.24695833333333334 0.0173828125 0.019916666666666666
1 0.7939453125 0.4600694444444444 0.0203671875 0.025986111111111113
1 0.43530468750000006 0.23047222222222222 0.009273437499999999 0.019680555555555555
1 0.5439453125 0.8832500000000001 0.0105703125 0.02752777777777778