1 0.25928125 0.8493888888888889 0.014499999999999999 0.024527777777777777
1 0.27175 0.4610694444444445 0.01196875 0.018569444444444444
1 0.3251953125 0.5703194444444445 0.011328125 0.014777777777777779
1 0.0908828125 0.47005555555555556 0.0178515625 0.01916666666666667
1 0.23559375 0.2202638888888889 0.0125703125 0.02126388888888889
1 0.374515625 0.38672222222222224 0.016523437499999998 0.026375
1 0.391359375 0.5186666666666666 0.01178125 0.020458333333333335
1 0.7504921875 0.5199722222222222 0.0153046875 0.028944444444444443
1 0.23828125 0.6458333333333334 0.010171875 0.020069444444444442
1 0.3513203125 0.8120694444444445 0.01178125 0.025986111111111113
1 0.33203125 0.6002638888888889 0.013218750000000001 0.017597222222222222
1 0.380859375 0.28341666666666665 0.010906250000000001 0.021180555555555557
0 0.28040625 0.4724861111111111 0.0045234375 0.008958333333333334