1 0.4555703125 0.2526111111111111 0.012625 0.025291666666666667
1 0.380609375 0.3300972222222222 0.009765625 0.020999999999999998
1 0.4404296875 0.39105555555555555 0.009234375 0.017388888888888888
1 0.541015625 0.24913888888888888 0.0127265625 0.023333333333333334
1 0.53515625 0.4587638888888889 0.0087109375 0.023972222222222225
1 0.513671875 0.7460972222222223 0.0084140625 0.021847222222222223
1 0.423828125 0.5959166666666667 0.009125 0.01961111111111111
1 0.4975625 0.6306388888888889 0.0097421875 0.025291666666666667
1 0.5673828125 0.5659722222222222 0.0081875 0.024611111111111108
1 0.4126015625 0.8177083333333334 0.0125703125 0.024527777777777777
0 0.48022656250000006 0.5499166666666666 0.004234375 0.009069444444444444
1 0.68984375 0.6006666666666667 0.014851562500000002 0.02048611111111111
1 0.47632031250000006 0.453125 0.013632812499999999 0.022708333333333334