0 0.26071875 0.7750277777777778 0.00665625 0.009055555555555555
1 0.816734375 0.5435277777777777 0.026609375 0.023333333333333334
1 0.2307109375 0.21559722222222222 0.0134296875 0.026486111111111113
1 0.2309609375 0.8354999999999999 0.0158359375 0.02305555555555556
1 0.4829140625 0.6909722222222222 0.008953125000000001 0.026694444444444444
1 0.503421875 0.34070833333333334 0.012625 0.024333333333333332
1 0.0719609375 0.5260416666666666 0.0210078125 0.026805555555555558
1 0.19128125 0.5499166666666666 0.0179921875 0.022444444444444444
1 0.395109375 0.7313472222222223 0.0125859375 0.024777777777777777
1 0.4496171875 0.8764861111111112 0.0168828125 0.02665277777777778
1 0.22090625 0.41574999999999995 0.0186171875 0.02275
1 0.44060156250000004 0.29991666666666666 0.0173203125 0.03166666666666667
1 0.5407656249999999 0.4898611111111111 0.009125 0.022347222222222223