1 0.12493749999999999 0.4752638888888889 0.0154296875 0.022097222222222223
1 0.43285937499999994 0.8311666666666667 0.0072890625 0.017875
1 0.5009765625 0.7348055555555555 0.0140625 0.021930555555555554
1 0.47778124999999994 0.5273472222222222 0.0098984375 0.02826388888888889
1 0.276609375 0.27018055555555553 0.0158984375 0.03040277777777778
0 0.6069375 0.680125 0.003484375 0.006194444444444444
1 0.44262499999999994 0.4557361111111111 0.012867187499999998 0.025
1 0.321046875 0.8072916666666666 0.01146875 0.02227777777777778
1 0.5641640625 0.77325 0.010257812500000001 0.034708333333333334
1 0.51171875 0.2805972222222222 0.017046875 0.029375
1 0.8312578125 0.5959305555555555 0.0139375 0.028652777777777777
1 0.580078125 0.6892361111111112 0.0204140625 0.02086111111111111
1 0.6228203125 0.43680555555555556 0.019898437499999998 0.03193055555555555