1 0.9013671875 0.5403611111111111 0.0185390625 0.022527777777777775
1 0.5444375 0.4145 0.008578125 0.020694444444444446
1 0.83203125 0.43966666666666665 0.0164609375 0.021680555555555554
1 0.6606484375 0.4756944444444444 0.011289062499999999 0.022097222222222223
1 0.7055703125 0.46397222222222223 0.01103125 0.02013888888888889
1 0.67725 0.7434861111111111 0.009601562499999999 0.024430555555555556
1 0.7329140625 0.6267361111111112 0.0197109375 0.020944444444444446
1 0.726078125 0.45529166666666665 0.014453125 0.02711111111111111
1 0.8143515625 0.7050138888888889 0.0171328125 0.022097222222222223
1 0.421390625 0.24783333333333332 0.0096328125 0.020305555555555556
1 0.1857890625 0.48220833333333335 0.01678125 0.020944444444444446
1 0.7094765625 0.907125 0.011421875 0.021347222222222222
0 0.6626015625 0.45443055555555556 0.0046484375 0.008263888888888888