1 0.3130234375 0.25277777777777777 0.017710937500000003 0.027777777777777776
1 0.437015625 0.23095833333333332 0.0122890625 0.025402777777777778
1 0.6341953124999999 0.6451944444444445 0.0135703125 0.020625
1 0.50146875 0.4826388888888889 0.008125 0.025291666666666667
1 0.69921875 0.30143055555555553 0.0135859375 0.021597222222222223
1 0.5777890625000001 0.31583333333333335 0.013421875 0.01988888888888889
1 0.4809453125 0.29633333333333334 0.014640624999999999 0.01877777777777778
1 0.5961953125 0.7122361111111111 0.010007812500000001 0.020069444444444442
1 0.5411328125 0.8841944444444445 0.011773437500000001 0.0255
1 0.6538125 0.5776944444444444 0.013023437500000002 0.02297222222222222
1 0.5537109375 0.40581944444444445 0.0140625 0.02773611111111111
1 0.7918359374999999 0.45483333333333337 0.0171328125 0.026416666666666665
0 0.296875 0.28406944444444443 0.0039921875 0.008513888888888889