1 0.4853515625 0.5029027777777777 0.014171875 0.021166666666666667
1 0.3989296875 0.3263888888888889 0.0171015625 0.03040277777777778
1 0.43921093750000006 0.6679722222222222 0.008671874999999999 0.020305555555555556
1 0.19403125000000002 0.4182638888888889 0.0153984375 0.013222222222222222
1 0.10034375 0.6017916666666667 0.0190859375 0.019305555555555555
1 0.1605234375 0.8216111111111111 0.01640625 0.025486111111111112
1 0.0375390625 0.5599027777777777 0.01953125 0.02773611111111111
1 0.3939140625 0.8232916666666666 0.009921875 0.019055555555555555
0 0.0986875 0.6172500000000001 0.00609375 0.009569444444444445
1 0.4497109375 0.3218333333333333 0.008640625 0.027625
1 0.767578125 0.532125 0.0148984375 0.022347222222222223
1 0.22985937500000003 0.2202638888888889 0.014226562500000001 0.020458333333333335
1 0.3633671875 0.6741388888888888 0.013484375000000002 0.015930555555555555