1 0.4339921875 0.4020972222222222 0.014585937500000002 0.02343055555555556
1 0.1357890625 0.5385833333333333 0.0188359375 0.01938888888888889
1 0.2581015625 0.7162361111111112 0.0148046875 0.022180555555555558
1 0.599 0.3713472222222222 0.0128125 0.029208333333333336
1 0.42260937500000006 0.6098055555555556 0.009859375 0.01901388888888889
1 0.42260937500000006 0.75 0.011640625 0.02297222222222222
1 0.525390625 0.20366666666666663 0.0090859375 0.025583333333333336
0 0.378171875 0.18316666666666667 0.0040078125 0.008861111111111111
1 0.4814453125 0.4900138888888889 0.0120546875 0.025875
1 0.396 0.5451388888888888 0.0094140625 0.01622222222222222
1 0.5927734375 0.6870694444444444 0.01040625 0.02086111111111111
1 0.48782031249999996 0.7524722222222222 0.0081328125 0.02545833333333333
1 0.366453125 0.15104166666666666 0.010609375 0.016666666666666666