0 0.44999218750000003 0.7103750000000001 0.0055 0.010680555555555556
1 0.41568750000000004 0.6519444444444444 0.0150546875 0.02351388888888889
1 0.3255859375 0.8397083333333334 0.0163515625 0.023875
1 0.4912421875 0.8307083333333334 0.0133125 0.027472222222222224
1 0.5716484375 0.6968611111111112 0.02040625 0.03151388888888889
1 0.6329453125 0.5489861111111111 0.017078125 0.024472222222222225
1 0.5778671875 0.30483333333333335 0.0172265625 0.028666666666666667
1 0.485234375 0.2455138888888889 0.0178046875 0.03197222222222222
1 0.2301328125 0.2192638888888889 0.019109375 0.028874999999999998
1 0.259515625 0.43931944444444443 0.017078125 0.024375
1 0.369734375 0.40355555555555556 0.02475 0.03309722222222222
1 0.0710703125 0.530125 0.0240234375 0.02225
1 0.7800703125 0.5432638888888889 0.02040625 0.026916666666666665