1 0.5126953125 0.7230972222222222 0.0070078125 0.01923611111111111
1 0.45678906250000006 0.2443611111111111 0.0103671875 0.015361111111111112
1 0.5009765625 0.6297777777777778 0.008546874999999999 0.019680555555555555
1 0.562015625 0.5629305555555556 0.008125 0.023333333333333334
1 0.4770546875 0.4522638888888889 0.015015625 0.024805555555555556
1 0.5361328125 0.27408333333333335 0.010453125 0.02377777777777778
1 0.660140625 0.5857916666666666 0.013398437499999999 0.02369444444444444
1 0.40210156250000006 0.7799444444444443 0.012531249999999999 0.021111111111111112
1 0.43774218749999994 0.4149305555555556 0.0100546875 0.01686111111111111
1 0.421390625 0.594625 0.0088515625 0.018791666666666665
1 0.364515625 0.33211111111111113 0.013453125 0.019333333333333334
0 0.4672890625 0.5186666666666666 0.004179687499999999 0.008125
1 0.5219765625 0.4739583333333333 0.0073203124999999996 0.021847222222222223