1 0.6479453125 0.7605555555555555 0.0119140625 0.018972222222222224
1 0.775390625 0.6514722222222222 0.0158359375 0.026375
1 0.40210156250000006 0.2534722222222222 0.008671874999999999 0.021597222222222223
1 0.5322265625 0.5052083333333334 0.009234375 0.024805555555555556
1 0.841796875 0.8085972222222223 0.01009375 0.013680555555555555
1 0.7251015625 0.5460138888888889 0.012671874999999999 0.01586111111111111
1 0.6953125 0.5525138888888889 0.014226562500000001 0.02369444444444444
1 0.7797890625 0.9270833333333334 0.015601562499999999 0.024527777777777777
1 0.8510781250000001 0.532125 0.0173828125 0.026194444444444444
1 0.16243749999999998 0.48329166666666673 0.0189921875 0.021333333333333333
1 0.943359375 0.5533888888888889 0.022109375 0.021847222222222223
0 0.7529296875 0.484375 0.004117187499999999 0.007291666666666667
1 0.7436328125 0.4630694444444445 0.017921875 0.02901388888888889