1 0.12634375 0.4809027777777778 0.01178125 0.01586111111111111
1 0.503515625 0.8153333333333332 0.0090859375 0.02402777777777778
1 0.3740234375 0.7378472222222222 0.011875 0.01916666666666667
1 0.63146875 0.7950694444444445 0.015890625 0.024944444444444446
1 0.61328125 0.5462222222222222 0.0145546875 0.02347222222222222
1 0.5166015625 0.46744444444444444 0.0141171875 0.02711111111111111
1 0.32221875 0.2702777777777778 0.0150078125 0.02513888888888889
1 0.647953125 0.6180555555555556 0.013218750000000001 0.02711111111111111
1 0.7255859375 0.3385416666666667 0.015015625 0.022805555555555558
1 0.8042031250000001 0.5525138888888889 0.0204921875 0.02752777777777778
1 0.7856484375 0.5898472222222222 0.01571875 0.029486111111111112
1 0.892578125 0.5954861111111112 0.0167265625 0.01976388888888889
0 0.8042031250000001 0.7795138888888888 0.004734375 0.014