1 0.33728125000000003 0.8459444444444445 0.0123984375 0.02263888888888889
1 0.22715625 0.21509722222222222 0.014656250000000001 0.01925
1 0.2641640625 0.42491666666666666 0.013843749999999998 0.024611111111111108
1 0.0787265625 0.5316805555555556 0.02225 0.019583333333333335
1 0.7861328125 0.5451388888888888 0.018796874999999998 0.020694444444444446
1 0.64196875 0.5586388888888889 0.015062500000000001 0.020666666666666667
1 0.50571875 0.8507916666666667 0.0108984375 0.024263888888888887
0 0.499515625 0.8342083333333333 0.004117187499999999 0.007819444444444445
1 0.42504687499999994 0.6658055555555555 0.013273437499999999 0.02061111111111111
1 0.59578125 0.7215 0.016117187499999998 0.023
1 0.4912109375 0.23155555555555554 0.012531249999999999 0.018152777777777778
1 0.591796875 0.301 0.0096328125 0.023333333333333334
1 0.43285937499999994 0.40625 0.01771875 0.01673611111111111