1 0.1579609375 0.48394444444444445 0.01525 0.020694444444444446
1 0.7112109375 0.5565555555555556 0.013171875 0.01786111111111111
1 0.77490625 0.7100694444444444 0.01353125 0.027625
1 0.84765625 0.8967083333333333 0.0173046875 0.023972222222222225
0 0.8042031250000001 0.7322083333333335 0.0040546875 0.009805555555555555
1 0.68359375 0.4861111111111111 0.0173046875 0.026083333333333333
1 0.8525390625 0.5685833333333333 0.017640625 0.017722222222222223
1 0.8335000000000001 0.9392361111111112 0.0177734375 0.026291666666666665
1 0.391359375 0.2393611111111111 0.007171874999999999 0.015666666666666666
1 0.5078125 0.5859444444444445 0.008984375 0.026194444444444444
1 0.6068125 0.7605833333333334 0.0110078125 0.023944444444444442
1 0.9516640625000001 0.6254305555555556 0.018265625 0.03375
1 0.7207109375 0.5533194444444445 0.0095546875 0.016055555555555556