1 0.3515625 0.3851944444444444 0.009601562499999999 0.01961111111111111
1 0.47973437499999994 0.45008333333333334 0.014171875 0.024430555555555556
0 0.40698437500000006 0.6779583333333333 0.00378125 0.007638888888888889
1 0.399171875 0.7630277777777777 0.0112421875 0.01998611111111111
1 0.44848437499999994 0.44531944444444443 0.009929687500000001 0.019680555555555555
1 0.5043984375 0.6089444444444444 0.00821875 0.020944444444444446
1 0.459046875 0.245 0.014984375 0.019458333333333334
1 0.646 0.4991388888888889 0.0122890625 0.019680555555555555
1 0.5634765625 0.5625 0.0081875 0.018361111111111113
1 0.534671875 0.26952777777777776 0.010171875 0.02538888888888889
1 0.48364062499999994 0.6805555555555556 0.008546874999999999 0.025694444444444443
1 0.44800000000000006 0.5512222222222222 0.00834375 0.020305555555555556
1 0.4287109375 0.5425416666666667 0.009234375 0.012513888888888889