1 0.126953125 0.4730972222222222 0.013632812499999999 0.01998611111111111
1 0.522953125 0.5204027777777778 0.0119140625 0.01901388888888889
1 0.690921875 0.6614583333333334 0.0195 0.025291666666666667
1 0.6059609375 0.30577777777777776 0.013375000000000001 0.02773611111111111
1 0.603515625 0.7625833333333333 0.013953125 0.03791666666666667
1 0.57178125 0.6853333333333333 0.0094140625 0.026375
1 0.4633828125 0.8294305555555557 0.011640625 0.03136111111111111
1 0.7348671875 0.42144444444444445 0.0125703125 0.025097222222222222
1 0.8608437500000001 0.5173611111111112 0.0196875 0.024805555555555556
1 0.33740625 0.7638888888888888 0.011328125 0.02297222222222222
1 0.47436718750000006 0.4596388888888889 0.0151328125 0.022097222222222223
0 0.72021875 0.47005555555555556 0.00471875 0.007125
1 0.292234375 0.26302777777777775 0.006687500000000001 0.013305555555555555