1 0.46359374999999997 0.31377777777777777 0.013539062499999999 0.023027777777777775
1 0.4378125 0.22931944444444446 0.0115625 0.01940277777777778
1 0.483890625 0.484375 0.009929687500000001 0.022805555555555558
1 0.533203125 0.40408333333333335 0.014953125000000001 0.028833333333333336
1 0.6567421875 0.5750833333333334 0.015187500000000001 0.021111111111111112
1 0.5611875000000001 0.30994444444444447 0.0116484375 0.021652777777777778
1 0.587890625 0.7152777777777778 0.009523437499999999 0.022625
1 0.6162109375 0.648 0.013796875 0.01938888888888889
1 0.7817421875 0.4600694444444444 0.0171796875 0.02201388888888889
1 0.6801796875 0.2877638888888889 0.015187500000000001 0.02359722222222222
1 0.298828125 0.31033333333333335 0.009484375 0.015194444444444444
1 0.5239296875 0.8806388888888889 0.014335937500000001 0.026583333333333334
0 0.3107890625 0.32769444444444445 0.00459375 0.008013888888888888