1 0.23102343749999998 0.21308333333333332 0.0199765625 0.034375
1 0.24010937499999999 0.3923055555555555 0.0155546875 0.024305555555555556
1 0.22447656249999998 0.5054166666666666 0.0206328125 0.028749999999999998
1 0.4587734375 0.2756805555555556 0.019648437499999998 0.04081944444444444
1 0.541375 0.33043055555555556 0.0148984375 0.028055555555555556
1 0.581734375 0.5118333333333334 0.0219375 0.03108333333333333
1 0.797203125 0.5539722222222222 0.022593750000000003 0.028055555555555556
1 0.5121484374999999 0.6689305555555556 0.016375 0.020458333333333335
1 0.4844765625 0.8803333333333334 0.014078125 0.02758333333333333
1 0.4156953125 0.7080416666666667 0.015312500000000001 0.03197222222222222
1 0.27653125 0.8387222222222223 0.015296874999999998 0.02838888888888889
1 0.07309375 0.5077499999999999 0.02240625 0.028486111111111115
0 0.4063125 0.7084722222222223 0.006578125 0.011916666666666667