1 0.66015625 0.5846388888888889 0.0102109375 0.022625
1 0.45883593749999996 0.2481111111111111 0.014921875000000001 0.022458333333333337
1 0.3662109375 0.33181944444444444 0.0111171875 0.015319444444444443
1 0.47778124999999994 0.45269444444444445 0.0146171875 0.025694444444444443
1 0.562015625 0.5616388888888889 0.0081875 0.023875
1 0.501953125 0.6293472222222222 0.0091640625 0.02013888888888889
0 0.4677734375 0.5173611111111112 0.0039453125 0.0073194444444444435
1 0.536625 0.2736527777777778 0.0100546875 0.02315277777777778
1 0.5126953125 0.7209166666666665 0.0070078125 0.018083333333333333
1 0.42163281250000006 0.5933194444444444 0.0086171875 0.018152777777777778
1 0.40234375 0.7782083333333333 0.0121953125 0.019083333333333334
1 0.43823437500000006 0.413625 0.0098984375 0.016291666666666666
1 0.5219765625 0.4722222222222222 0.007124999999999999 0.020069444444444442