1 0.3024921875 0.6197916666666666 0.013632812499999999 0.018722222222222223
1 0.603515625 0.5438333333333334 0.010453125 0.020388888888888887
1 0.45190625000000006 0.231125 0.009820312500000001 0.022347222222222223
1 0.3740234375 0.7356805555555557 0.012531249999999999 0.02773611111111111
1 0.3837890625 0.5607638888888888 0.01053125 0.020069444444444442
1 0.4423828125 0.4791666666666667 0.014390625 0.02752777777777778
1 0.45703125 0.6215277777777778 0.009710937499999999 0.01822222222222222
1 0.39575 0.43858333333333327 0.00796875 0.01659722222222222
1 0.5141640625 0.48394444444444445 0.01009375 0.022347222222222223
1 0.45053124999999994 0.7224861111111112 0.0128203125 0.03286111111111111
1 0.30078125 0.34070833333333334 0.0147890625 0.026694444444444444
1 0.48754687499999994 0.2805972222222222 0.00821875 0.015791666666666666
0 0.3168984375 0.4290416666666667 0.0038515625 0.008166666666666666