1 0.5317421875 0.8654583333333333 0.007484375 0.022708333333333334
1 0.3515625 0.8515694444444445 0.011164062499999999 0.02061111111111111
1 0.223390625 0.21516666666666664 0.014499999999999999 0.023416666666666665
1 0.43383593749999994 0.6749166666666666 0.011375 0.02538888888888889
1 0.4946328125 0.222 0.01428125 0.028055555555555556
0 0.51953125 0.8411527777777777 0.0043828125 0.008291666666666666
1 0.261234375 0.4095 0.0154296875 0.022194444444444444
1 0.6176171874999999 0.7434583333333333 0.01596875 0.022569444444444444
1 0.5986328125 0.2819027777777778 0.0105703125 0.01938888888888889
1 0.64990625 0.5672777777777778 0.014835937499999998 0.03216666666666667
1 0.794921875 0.5541250000000001 0.02009375 0.024722222222222222
1 0.0831328125 0.523875 0.016843749999999998 0.020694444444444446
1 0.470703125 0.413625 0.015078125000000001 0.030763888888888886