1 0.4587890625 0.24852777777777776 0.019140625 0.022166666666666668
1 0.66015625 0.5859444444444445 0.010609375 0.022097222222222223
1 0.4379921875 0.41427777777777774 0.009601562499999999 0.017
1 0.5356484375 0.2756111111111111 0.0106953125 0.024708333333333332
1 0.4775390625 0.45269444444444445 0.014226562500000001 0.024527777777777777
1 0.51171875 0.7256944444444444 0.008578125 0.025875
1 0.50146875 0.6293472222222222 0.0090859375 0.01984722222222222
1 0.3657265625 0.33116666666666666 0.0111171875 0.01213888888888889
1 0.5219765625 0.4739583333333333 0.007484375 0.022625
1 0.562453125 0.5605277777777777 0.00834375 0.030694444444444448
1 0.40307812500000006 0.7782638888888889 0.012531249999999999 0.018166666666666668
1 0.421390625 0.59375 0.0084453125 0.0185
0 0.46753125000000006 0.5177916666666667 0.004234375 0.007472222222222222