1 0.254640625 0.8485277777777779 0.013953125 0.022805555555555558
1 0.3930703125 0.5169305555555556 0.0090546875 0.021180555555555557
1 0.2346171875 0.22059722222222225 0.01353125 0.021597222222222223
1 0.2314453125 0.6401944444444444 0.0147890625 0.01984722222222222
1 0.3495859375 0.8219027777777778 0.01184375 0.02077777777777778
1 0.3846953125 0.29190277777777773 0.013007812499999999 0.025611111111111112
1 0.0883203125 0.47656944444444443 0.020765625 0.024805555555555556
1 0.265140625 0.461375 0.0191171875 0.023500000000000004
1 0.7485390625 0.523 0.01621875 0.028722222222222222
1 0.32153125 0.5846388888888889 0.01178125 0.026694444444444444
1 0.3740234375 0.38758333333333334 0.0179921875 0.027944444444444445
1 0.3317890625 0.6028611111111111 0.015187500000000001 0.024527777777777777
0 0.272046875 0.4675138888888889 0.006078125 0.009625