1 0.3967265625 0.34852777777777777 0.010859375000000001 0.020944444444444446
1 0.46460156250000006 0.3444027777777778 0.0090859375 0.017388888888888888
1 0.615234375 0.5308194444444444 0.0100546875 0.019458333333333334
1 0.599125 0.26411111111111113 0.009710937499999999 0.02022222222222222
1 0.47925000000000006 0.42795833333333333 0.013953125 0.02752777777777778
1 0.46264843750000006 0.25455555555555553 0.0102109375 0.023875
1 0.5208125 0.45591666666666664 0.013960937500000001 0.012208333333333331
1 0.5401640624999999 0.6684722222222222 0.012687499999999999 0.020402777777777777
1 0.5141640625 0.7139722222222221 0.0097421875 0.026375
1 0.7366171875 0.5899861111111111 0.0177421875 0.021541666666666667
0 0.5322265625 0.6501805555555555 0.0044296875 0.008291666666666666
1 0.4541015625 0.578125 0.010007812500000001 0.017458333333333333
1 0.44800000000000006 0.8220555555555555 0.0112421875 0.02773611111111111