1 0.21764843749999999 0.477 0.0186484375 0.04847222222222222
1 0.43188281249999994 0.24804166666666666 0.007578125 0.02305555555555556
1 0.6759453125 0.7381111111111112 0.012515624999999999 0.017125
1 0.8798828125 0.5507777777777778 0.01871875 0.021847222222222223
1 0.810546875 0.398875 0.0158984375 0.021597222222222223
1 0.7822265625 0.6723055555555556 0.01428125 0.01961111111111111
1 0.5573125 0.3580833333333333 0.009703125 0.034694444444444444
1 0.7085 0.6080694444444444 0.014671875000000001 0.02126388888888889
1 0.62646875 0.4444444444444444 0.01146875 0.022444444444444444
1 0.7099609375 0.42275 0.011734375 0.02786111111111111
1 0.694828125 0.40320833333333334 0.0102109375 0.01686111111111111
1 0.669921875 0.890625 0.0138984375 0.022194444444444444
0 0.564453125 0.34744444444444444 0.0056875 0.009430555555555555