1 0.6533203125 0.6484444444444445 0.01040625 0.017527777777777778
1 0.6103515625 0.7100694444444444 0.009125 0.018722222222222223
1 0.5732421875 0.413625 0.01353125 0.028055555555555556
1 0.4365234375 0.22981944444444444 0.0081875 0.014833333333333334
0 0.3076171875 0.27994444444444444 0.00378125 0.00836111111111111
1 0.8012734375000001 0.4622361111111111 0.021578125 0.022805555555555558
1 0.49585156250000006 0.28602777777777777 0.0097421875 0.022444444444444444
1 0.654296875 0.5768194444444444 0.013218750000000001 0.02175
1 0.597171875 0.3205277777777778 0.012671874999999999 0.021597222222222223
1 0.5161171875 0.484375 0.0120078125 0.028055555555555556
1 0.7158203125 0.31858333333333333 0.012671874999999999 0.018722222222222223
1 0.324953125 0.2506527777777778 0.0130703125 0.029166666666666667
1 0.5478515625 0.8845555555555555 0.013023437500000002 0.027430555555555555