1 0.888671875 0.5429722222222222 0.0232421875 0.02305555555555556
1 0.7001953125 0.43598611111111113 0.010859375000000001 0.024708333333333332
1 0.7211953125 0.6180555555555556 0.0146171875 0.017652777777777778
1 0.4267578125 0.24891666666666667 0.0074296875 0.016527777777777777
1 0.646484375 0.46268055555555554 0.013843749999999998 0.022527777777777775
1 0.6762734375 0.7374166666666667 0.011421875 0.017597222222222222
1 0.720703125 0.42990277777777774 0.01525 0.028944444444444443
1 0.7973671875 0.6875 0.018984375 0.020458333333333335
1 0.8212890625 0.41580555555555554 0.016523437499999998 0.024708333333333332
0 0.609375 0.40473611111111113 0.0038125 0.01186111111111111
1 0.20227343750000001 0.4741944444444445 0.019609375000000002 0.017958333333333333
1 0.689453125 0.8975694444444444 0.0151328125 0.026375
1 0.550484375 0.38863888888888887 0.010562499999999999 0.02694444444444444