1 0.564453125 0.5677083333333334 0.0088125 0.01865277777777778
1 0.5263671875 0.4622361111111111 0.011734375 0.018430555555555554
1 0.3715859375 0.32595833333333335 0.010781250000000001 0.01473611111111111
1 0.42065625000000006 0.5941805555555556 0.008515625 0.01952777777777778
1 0.455515625 0.25066666666666665 0.01534375 0.024291666666666663
1 0.5380859375 0.24956944444444445 0.0088125 0.025777777777777774
1 0.49731249999999994 0.6315138888888889 0.007609375 0.021680555555555554
1 0.4770546875 0.45355555555555555 0.014335937500000001 0.03125
1 0.5166015625 0.7452222222222221 0.0083125 0.025
1 0.401859375 0.8111944444444443 0.006562500000000001 0.024902777777777777
1 0.43969531249999994 0.3973472222222222 0.00834375 0.012180555555555556
1 0.678515625 0.597125 0.0126796875 0.024638888888888887
0 0.474125 0.5377638888888889 0.0040390625 0.007666666666666666