1 0.6254921875 0.7599861111111111 0.009234375 0.02077777777777778
1 0.7080078125 0.5568611111111111 0.0097421875 0.017944444444444443
1 0.94921875 0.5850694444444444 0.02409375 0.020305555555555556
1 0.15746875 0.484375 0.0154296875 0.020388888888888887
0 0.7778359375 0.5998333333333333 0.00428125 0.008194444444444445
1 0.718265625 0.555125 0.0091640625 0.01822222222222222
1 0.8520546875000001 0.5629305555555556 0.0166640625 0.025486111111111112
1 0.78515625 0.6658055555555555 0.0130703125 0.02826388888888889
1 0.8076171875 0.9279583333333333 0.0179921875 0.029833333333333333
1 0.8432656250000001 0.8537361111111111 0.016984375 0.027000000000000003
1 0.39352343749999996 0.24558333333333332 0.0128359375 0.02259722222222222
1 0.5187578125 0.5487361111111111 0.0116328125 0.021083333333333332
1 0.70703125 0.47265277777777776 0.017515625 0.02786111111111111