0 0.4744921875 0.5312361111111111 0.004890625 0.009152777777777777
1 0.4785390625 0.5147083333333333 0.01153125 0.019875
1 0.26515625 0.2774027777777778 0.0116484375 0.018680555555555554
1 0.2041171875 0.15480555555555556 0.019140625 0.021958333333333333
1 0.0924453125 0.48244444444444445 0.020578125 0.020041666666666666
1 0.6788671875000001 0.5585138888888889 0.011234375000000001 0.02175
1 0.7092890625 0.7205138888888889 0.0140234375 0.029138888888888888
1 0.8276484375000001 0.51875 0.01853125 0.029680555555555557
1 0.6004375 0.8846249999999999 0.0118046875 0.01888888888888889
1 0.4412109375 0.6455555555555555 0.01065625 0.021791666666666668
1 0.3901640625 0.869263888888889 0.0163203125 0.02488888888888889
1 0.48619531250000003 0.1562361111111111 0.01503125 0.027638888888888886
1 0.6198828125 0.1726527777777778 0.0159375 0.02647222222222222