1 0.5341796875 0.27408333333333335 0.0108203125 0.022875
1 0.65909375 0.5863194444444444 0.013421875 0.023374999999999996
1 0.4765625 0.4522638888888889 0.015015625 0.024902777777777777
1 0.4375234375 0.41334722222222225 0.0106328125 0.013055555555555556
1 0.3635234375 0.32681944444444444 0.009273437499999999 0.012458333333333333
1 0.51059375 0.7226666666666668 0.0107890625 0.023083333333333334
1 0.4024609375 0.7772638888888889 0.0134609375 0.01948611111111111
1 0.4581015625 0.24918055555555554 0.0164296875 0.022875
1 0.4208984375 0.594625 0.008375 0.01916666666666667
1 0.5004921875 0.6289027777777778 0.0090546875 0.01916666666666667
1 0.5619921875 0.5599583333333333 0.010187499999999999 0.030180555555555558
1 0.521 0.47179166666666666 0.006687500000000001 0.017458333333333333
0 0.4672890625 0.523 0.0041640625 0.007611111111111112