1 0.4560546875 0.25043055555555555 0.013273437499999999 0.027625
1 0.51171875 0.7295972222222221 0.0096328125 0.03276388888888889
1 0.534671875 0.26866666666666666 0.010734375 0.025194444444444446
1 0.5615234375 0.5629305555555556 0.009523437499999999 0.01952777777777778
1 0.43676562499999994 0.4134166666666667 0.00996875 0.016291666666666666
1 0.4985390625 0.6306388888888889 0.0103671875 0.022194444444444444
1 0.42065625000000006 0.5941805555555556 0.0080625 0.01961111111111111
1 0.521 0.47179166666666666 0.007546875 0.02086111111111111
1 0.6606484375 0.5837638888888889 0.011828125 0.022347222222222223
1 0.36520312499999996 0.33199999999999996 0.012421875 0.0195
1 0.39990625 0.78125 0.007875 0.024333333333333332
1 0.4765625 0.45181944444444444 0.014171875 0.027430555555555555
0 0.46801562499999994 0.5269166666666667 0.004703125 0.009958333333333333