1 0.581546875 0.48915277777777777 0.014953125000000001 0.024902777777777777
1 0.74446875 0.56125 0.0223984375 0.020152777777777776
1 0.44362500000000005 0.6974444444444445 0.013242187499999999 0.022486111111111113
1 0.87109375 0.9635416666666666 0.0153671875 0.024708333333333332
1 0.8940468750000001 0.7877638888888889 0.0158984375 0.01901388888888889
1 0.15625 0.48654166666666665 0.016921875 0.021180555555555557
1 0.373046875 0.2690972222222222 0.010171875 0.023972222222222225
1 0.5723046875 0.8222361111111111 0.013242187499999999 0.01347222222222222
1 0.71484375 0.8003472222222222 0.0115078125 0.014777777777777779
1 0.698734375 0.6497361111111111 0.0111171875 0.020069444444444442
1 0.8472734375 0.46484722222222224 0.0168828125 0.02288888888888889
1 0.9516640625000001 0.6367222222222222 0.026203125 0.016291666666666666
0 0.8579140625000001 0.9427083333333334 0.005078125 0.0095