1 0.456546875 0.24675 0.011960937500000001 0.01886111111111111
0 0.46655468750000006 0.5208333333333334 0.0041328125 0.008069444444444443
1 0.5610390625 0.5646666666666667 0.007640625 0.020305555555555556
1 0.5107421875 0.7256944444444444 0.0084765625 0.022708333333333334
1 0.5004921875 0.6302083333333334 0.009015625 0.01886111111111111
1 0.66015625 0.5881111111111111 0.01146875 0.030541666666666665
1 0.401859375 0.7799444444444443 0.0123828125 0.02077777777777778
1 0.4208984375 0.594625 0.008640625 0.020069444444444442
1 0.534671875 0.27581944444444445 0.0106484375 0.023500000000000004
1 0.365234375 0.33029166666666665 0.010906250000000001 0.016666666666666666
1 0.437015625 0.413625 0.009484375 0.014499999999999999
1 0.4765625 0.4522638888888889 0.014835937499999998 0.024333333333333332
1 0.521 0.4739583333333333 0.007171874999999999 0.021430555555555557