1 0.42797656249999994 0.5260416666666666 0.009710937499999999 0.024333333333333332
1 0.253421875 0.24630555555555556 0.015078125000000001 0.02323611111111111
1 0.2934609375 0.8394166666666667 0.013484375000000002 0.027625
1 0.43442968750000005 0.6267777777777778 0.0194765625 0.01863888888888889
1 0.125125 0.47483333333333333 0.013843749999999998 0.01976388888888889
1 0.45141406249999994 0.7886249999999999 0.014953125000000001 0.022875
1 0.4054296875 0.44265277777777773 0.01603125 0.022402777777777775
1 0.4518671875 0.4594722222222222 0.016984375 0.019916666666666666
1 0.3903828125 0.7061666666666666 0.0104921875 0.021027777777777777
1 0.779296875 0.5755277777777777 0.0191171875 0.02415277777777778
1 0.39721875 0.8142361111111112 0.009453125 0.01984722222222222
1 0.411640625 0.2405 0.015515625 0.024777777777777777
0 0.46018749999999997 0.7977361111111111 0.0030859375 0.006444444444444444