1 0.4423828125 0.24544444444444444 0.0086171875 0.017458333333333333
1 0.5219765625 0.3218333333333333 0.010984375000000001 0.028375
1 0.42163281250000006 0.33658333333333335 0.0080625 0.02201388888888889
1 0.44214062500000006 0.5212638888888889 0.011554687499999999 0.025194444444444446
1 0.3706796875 0.39791666666666664 0.00965625 0.018333333333333333
1 0.765625 0.5147638888888889 0.015484375 0.02315277777777778
1 0.6586953125 0.57075 0.013843749999999998 0.022527777777777775
1 0.6450234375 0.26431944444444444 0.010328125 0.025
1 0.5511874999999999 0.7169305555555556 0.013257812499999999 0.018208333333333333
1 0.501953125 0.40343055555555557 0.0141171875 0.030305555555555554
1 0.5849609375 0.6440972222222222 0.0112421875 0.024430555555555556
1 0.494140625 0.8637222222222222 0.010132812500000001 0.029833333333333333
0 0.37784375 0.4041111111111111 0.0043671874999999995 0.009055555555555555