1 0.36446093749999997 0.7376111111111112 0.0123125 0.01923611111111111
1 0.1259765625 0.48133333333333334 0.011875 0.015194444444444444
1 0.3189609375 0.27125 0.0156640625 0.02025
1 0.49837499999999996 0.818111111111111 0.013960937500000001 0.017513888888888888
1 0.5087890625 0.46484722222222224 0.013796875 0.028722222222222222
1 0.595703125 0.5412361111111111 0.0105703125 0.01998611111111111
1 0.6416015625 0.6224027777777777 0.0141171875 0.019305555555555555
1 0.783203125 0.5455694444444444 0.0270703125 0.040777777777777774
1 0.705078125 0.3315972222222222 0.0146171875 0.021513888888888888
1 0.626875 0.7919305555555556 0.0131953125 0.029569444444444443
1 0.8911171875000001 0.5711805555555556 0.01809375 0.03184722222222222
0 0.7954140625 0.6953194444444445 0.0040859375 0.007041666666666667
1 0.31371875 0.2673611111111111 0.0059375 0.01113888888888889