1 0.365234375 0.33008333333333334 0.011164062499999999 0.020944444444444446
1 0.4765625 0.45181944444444444 0.0145546875 0.024527777777777777
0 0.46801562499999994 0.523875 0.0039453125 0.008291666666666666
1 0.5610390625 0.5625 0.009015625 0.022194444444444444
1 0.4990234375 0.6293472222222222 0.009820312500000001 0.02061111111111111
1 0.5107421875 0.7239583333333334 0.008546874999999999 0.02415277777777778
1 0.66015625 0.5850694444444444 0.0119140625 0.02315277777777778
1 0.456546875 0.24934722222222222 0.0127265625 0.022875
1 0.4208984375 0.5941805555555556 0.0082578125 0.019916666666666666
1 0.39965625 0.7803888888888889 0.0086171875 0.022625
1 0.53515625 0.2673611111111111 0.01103125 0.02323611111111111
1 0.4365234375 0.41384722222222226 0.01009375 0.01622222222222222
1 0.5205078125 0.47352777777777777 0.0074609375000000006 0.02227777777777778