1 0.1564921875 0.48306944444444444 0.014734375 0.018361111111111113
1 0.6259765625 0.7591111111111111 0.0106953125 0.021680555555555554
0 0.77490625 0.5885416666666666 0.004234375 0.008013888888888888
1 0.7177734375 0.5538194444444444 0.00821875 0.014611111111111111
1 0.947265625 0.5815972222222222 0.022203125 0.021930555555555554
1 0.8056640625 0.9262222222222222 0.0160234375 0.02415277777777778
1 0.393484375 0.246125 0.0115078125 0.023458333333333335
1 0.8520546875000001 0.5616388888888889 0.01621875 0.026291666666666665
1 0.8409531250000001 0.8455277777777778 0.01503125 0.030819444444444448
1 0.7851015625 0.6653888888888889 0.0155390625 0.027375
1 0.708984375 0.47265277777777776 0.0166640625 0.028375
1 0.5183046874999999 0.5433888888888889 0.008367187500000001 0.01788888888888889
1 0.7074765625 0.5545972222222222 0.012234375 0.013194444444444444