1 0.395265625 0.4418472222222222 0.010132812500000001 0.022805555555555558
1 0.597171875 0.555125 0.0102109375 0.02297222222222222
1 0.29053125 0.6067777777777777 0.010328125 0.02415277777777778
1 0.44995312500000006 0.23394444444444445 0.008375 0.021597222222222223
1 0.48901562500000006 0.28276388888888887 0.0083125 0.021347222222222222
1 0.44702343750000006 0.7395833333333334 0.01040625 0.02415277777777778
1 0.4521484375 0.6132777777777778 0.010007812500000001 0.02690277777777778
1 0.3857421875 0.5599027777777777 0.0110703125 0.019458333333333334
1 0.2927265625 0.33137500000000003 0.0140625 0.03284722222222222
1 0.3735390625 0.7513055555555557 0.010328125 0.025986111111111113
1 0.4345703125 0.48047222222222224 0.013953125 0.026375
1 0.5063515625 0.4704861111111111 0.011375 0.026375
0 0.2910859375 0.337375 0.0072499999999999995 0.00976388888888889