1 0.49096875000000006 0.16981944444444444 0.01578125 0.03261111111111111
1 0.67578125 0.5694444444444444 0.0103671875 0.021847222222222223
1 0.6005859375 0.8967083333333333 0.0102890625 0.03204166666666667
1 0.4541015625 0.6705694444444444 0.0106953125 0.02086111111111111
1 0.6157265625 0.18869444444444447 0.0110703125 0.023500000000000004
1 0.655765625 0.7552083333333334 0.014453125 0.033555555555555554
1 0.478515625 0.45269444444444445 0.007664062500000001 0.01938888888888889
1 0.8354531250000001 0.5507777777777778 0.016984375 0.02126388888888889
1 0.0863046875 0.4861111111111111 0.0204140625 0.021930555555555554
1 0.2587890625 0.3444027777777778 0.012921875 0.01916666666666667
0 0.6098671875 0.7226527777777777 0.0039765625 0.008222222222222223
1 0.210453125 0.17740277777777777 0.0161015625 0.034402777777777775
1 0.3884296875 0.8641527777777779 0.0122890625 0.030305555555555554