1 0.48657031249999994 0.16134722222222223 0.014226562500000001 0.03323611111111111
1 0.47778124999999994 0.5234444444444445 0.0087421875 0.018083333333333333
1 0.44164843749999994 0.6497361111111111 0.00821875 0.020694444444444446
1 0.620609375 0.1758888888888889 0.0108203125 0.025194444444444446
1 0.826171875 0.5208333333333334 0.01571875 0.024805555555555556
1 0.2072734375 0.14572222222222223 0.0153671875 0.021347222222222222
1 0.10052343749999999 0.48480555555555555 0.0172421875 0.020944444444444446
1 0.6826171875 0.5616388888888889 0.009820312500000001 0.01938888888888889
1 0.27257031249999997 0.2482916666666667 0.0165625 0.02826388888888889
1 0.40063281249999994 0.8754305555555555 0.009015625 0.022708333333333334
1 0.5986328125 0.8572083333333335 0.009820312500000001 0.02423611111111111
1 0.7055703125 0.7183194444444445 0.012234375 0.01686111111111111
0 0.4751796875 0.5348194444444444 0.00390625 0.00813888888888889