1 0.19148437499999998 0.624375 0.0232734375 0.019875
1 0.40796093750000006 0.5199722222222222 0.009273437499999999 0.020541666666666666
1 0.3239765625 0.6497361111111111 0.0130703125 0.030194444444444444
1 0.23254687500000001 0.8563333333333333 0.014671875000000001 0.022097222222222223
1 0.06982812499999999 0.49695833333333334 0.01953125 0.024527777777777777
1 0.34375 0.8329027777777779 0.010734375 0.025194444444444446
1 0.21528125 0.45134722222222223 0.01053125 0.029916666666666664
1 0.399171875 0.3224861111111111 0.0098984375 0.017263888888888888
1 0.336671875 0.6189305555555555 0.0105703125 0.02423611111111111
1 0.7509765625 0.5425416666666667 0.013796875 0.025194444444444446
1 0.3728046875 0.387375 0.0174375 0.028833333333333336
1 0.230765625 0.21747222222222223 0.0158359375 0.018000000000000002
0 0.22312500000000002 0.4664861111111111 0.0058515625 0.009944444444444445