1 0.48584375 0.1604861111111111 0.0153671875 0.03290277777777778
1 0.267578125 0.2645416666666667 0.012625 0.026486111111111113
1 0.47778124999999994 0.51325 0.008242187500000001 0.017902777777777778
1 0.6806640625 0.5655416666666666 0.009523437499999999 0.021680555555555554
1 0.620609375 0.1733888888888889 0.012531249999999999 0.02538888888888889
1 0.0974140625 0.4809027777777778 0.02034375 0.02086111111111111
1 0.20446875000000003 0.15266666666666667 0.013171875 0.025694444444444443
1 0.440921875 0.6471388888888889 0.00784375 0.01916666666666667
1 0.8266640625000001 0.5190972222222222 0.0173046875 0.02752777777777778
1 0.710453125 0.7178888888888889 0.015320312499999999 0.021430555555555557
1 0.39099218750000003 0.869375 0.013617187499999999 0.023374999999999996
1 0.594234375 0.8745833333333334 0.010249999999999999 0.034069444444444444
0 0.4749296875 0.5322361111111111 0.0037109375 0.00976388888888889