1 0.39721875 0.3496111111111111 0.010734375 0.022527777777777775
1 0.5166015625 0.7135416666666666 0.0102109375 0.02359722222222222
1 0.4560546875 0.8333333333333334 0.011164062499999999 0.02086111111111111
1 0.6254921875 0.5308194444444444 0.012968750000000001 0.01984722222222222
1 0.47729687500000006 0.33876388888888886 0.0102890625 0.027208333333333334
1 0.50928125 0.4587638888888889 0.0159609375 0.024430555555555556
1 0.5590859375 0.6592916666666666 0.0109453125 0.020694444444444446
1 0.4575234375 0.2556388888888889 0.0088515625 0.018083333333333333
1 0.6137734375 0.2708333333333333 0.011421875 0.025194444444444446
1 0.4814453125 0.4164444444444444 0.0135859375 0.030541666666666665
1 0.4536171875 0.5642361111111112 0.0084140625 0.019458333333333334
1 0.7465859375 0.5811666666666666 0.014499999999999999 0.022805555555555558
0 0.546875 0.6558194444444444 0.0039765625 0.007500000000000001