1 0.3962421875 0.7391527777777779 0.009484375 0.021680555555555554
1 0.2314453125 0.21397222222222223 0.013218750000000001 0.02538888888888889
1 0.48657031249999994 0.688375 0.013632812499999999 0.019083333333333334
1 0.1976328125 0.5403611111111111 0.017515625 0.01923611111111111
1 0.23986718749999997 0.8407083333333333 0.0151328125 0.02297222222222222
0 0.279296875 0.7669305555555557 0.004609375000000001 0.009430555555555555
1 0.458984375 0.8815138888888889 0.009484375 0.012611111111111111
1 0.444828125 0.2960138888888889 0.0160234375 0.028944444444444443
1 0.5458984375 0.494125 0.0158984375 0.024722222222222222
1 0.071078125 0.5174722222222222 0.0223359375 0.01888888888888889
1 0.223390625 0.413625 0.013632812499999999 0.022194444444444444
1 0.513671875 0.34070833333333334 0.0136875 0.02077777777777778
1 0.8137109375 0.5482916666666666 0.0208125 0.022097222222222223