1 0.4008828125 0.7235277777777779 0.013273437499999999 0.021513888888888888
1 0.5444375 0.47656944444444443 0.0140625 0.02752777777777778
1 0.530765625 0.8186111111111111 0.0124140625 0.021791666666666668
1 0.3450234375 0.27076388888888886 0.0149140625 0.025861111111111112
1 0.14066406250000002 0.4898472222222222 0.02046875 0.01975
1 0.6826171875 0.5564305555555555 0.01678125 0.023416666666666665
0 0.8447265625 0.9296944444444445 0.0050390625 0.009805555555555555
1 0.6669921875 0.8042499999999999 0.014835937499999998 0.024611111111111108
1 0.9321328125000001 0.6454027777777778 0.01678125 0.01916666666666667
1 0.7915078125 0.3784722222222222 0.018234375 0.02126388888888889
1 0.6708984375 0.6215277777777778 0.015187500000000001 0.01984722222222222
1 0.8590546874999999 0.6583611111111111 0.0177734375 0.025944444444444444
1 0.8344765625000001 0.8229166666666666 0.011203125 0.01188888888888889