1 0.4404296875 0.6462638888888889 0.008984375 0.018930555555555558
1 0.48546093749999997 0.15511111111111112 0.015312500000000001 0.030444444444444448
1 0.7099609375 0.7191805555555555 0.0108203125 0.02061111111111111
1 0.8266640625000001 0.5186666666666666 0.016523437499999998 0.026486111111111113
1 0.4770546875 0.5112916666666667 0.006687500000000001 0.014277777777777776
1 0.20446875000000003 0.15679166666666666 0.013218750000000001 0.02690277777777778
1 0.2641640625 0.2749583333333333 0.0135859375 0.022347222222222223
1 0.6201171875 0.17404166666666668 0.013375000000000001 0.028055555555555556
0 0.47447656250000003 0.5314166666666666 0.0054921875000000005 0.010361111111111111
1 0.6787109375 0.5607638888888888 0.009820312500000001 0.024527777777777777
1 0.0920390625 0.48004166666666664 0.017046875 0.01976388888888889
1 0.5961953125 0.8797777777777779 0.0141171875 0.028833333333333336
1 0.390140625 0.8706666666666667 0.014390625 0.025694444444444443