1 0.47214062500000004 0.6814027777777778 0.0128203125 0.023972222222222225
1 0.45727343749999994 0.24154166666666665 0.0122890625 0.01976388888888889
1 0.5551796875 0.5473055555555556 0.013023437500000002 0.020388888888888887
1 0.5161171875 0.265625 0.014835937499999998 0.023416666666666665
1 0.4359609375 0.4493333333333333 0.012140624999999999 0.02425
1 0.3772109375 0.7518333333333334 0.015640625 0.03230555555555556
1 0.40991406250000006 0.5546944444444445 0.0120546875 0.024527777777777777
1 0.338625 0.3769583333333334 0.013125000000000001 0.02305555555555556
1 0.49365625 0.6154583333333333 0.008953125000000001 0.01865277777777778
1 0.640625 0.4908888888888889 0.01146875 0.025875
1 0.47289843749999994 0.4427083333333333 0.0153671875 0.021847222222222223
1 0.4051484375 0.5865138888888889 0.0148828125 0.01786111111111111
0 0.3809140625 0.7425694444444444 0.0072890625 0.010458333333333333