1 0.536625 0.48827777777777776 0.010132812500000001 0.021513888888888888
1 0.8525390625 0.5125833333333334 0.0153046875 0.0185
1 0.7255859375 0.5329861111111112 0.0088515625 0.012277777777777778
1 0.687015625 0.5460138888888889 0.0136875 0.018152777777777778
1 0.7700234375 0.6445277777777778 0.0197890625 0.02126388888888889
1 0.40551562499999994 0.24695833333333334 0.0071484375 0.021513888888888888
1 0.8393593750000001 0.7895000000000001 0.0167265625 0.024805555555555556
1 0.1644296875 0.48654166666666665 0.0148984375 0.017319444444444446
1 0.939453125 0.5412361111111111 0.0205703125 0.019680555555555555
1 0.7465859375 0.4565972222222222 0.021242187500000002 0.028624999999999998
0 0.737796875 0.4605 0.005554687500000001 0.008555555555555556
1 0.6571640624999999 0.7611111111111111 0.013273437499999999 0.016305555555555556
1 0.767578125 0.9201388888888888 0.018187500000000002 0.022194444444444444