1 0.6435546875 0.48741666666666666 0.01178125 0.022444444444444444
1 0.34375 0.38281944444444443 0.0103671875 0.02423611111111111
1 0.47680468749999994 0.44705555555555554 0.015671875 0.02752777777777778
1 0.5263671875 0.26519444444444445 0.013171875 0.025486111111111112
1 0.4438515625 0.45443055555555556 0.0110703125 0.027430555555555555
1 0.5610390625 0.5559861111111111 0.008578125 0.022444444444444444
1 0.47926562500000003 0.678236111111111 0.0106484375 0.01888888888888889
1 0.45776562500000006 0.24479166666666666 0.014499999999999999 0.025583333333333336
1 0.49926562499999994 0.6132777777777778 0.014953125000000001 0.01976388888888889
1 0.43115625 0.5711805555555556 0.0134296875 0.027625
1 0.4184609375 0.5438333333333334 0.010453125 0.015611111111111112
1 0.3857421875 0.7578194444444445 0.018265625 0.035666666666666666
0 0.3796015625 0.7447777777777778 0.0069453125 0.014166666666666666