1 0.44946093749999994 0.5099861111111111 0.0106484375 0.02013888888888889
1 0.411625 0.6749166666666666 0.0106484375 0.01976388888888889
1 0.425296875 0.3663194444444444 0.01159375 0.026291666666666665
1 0.335203125 0.6462638888888889 0.010906250000000001 0.022194444444444444
1 0.36328125 0.8129305555555555 0.012625 0.02415277777777778
1 0.0322890625 0.5646666666666667 0.0210078125 0.020944444444444446
1 0.1788359375 0.8550416666666667 0.015601562499999999 0.019305555555555555
1 0.229734375 0.2195138888888889 0.013023437500000002 0.018930555555555558
1 0.102296875 0.6814305555555555 0.013632812499999999 0.021597222222222223
1 0.380125 0.35156944444444443 0.016984375 0.028944444444444443
1 0.194703125 0.4474861111111111 0.010984375000000001 0.014388888888888889
1 0.73828125 0.5399305555555556 0.017515625 0.026291666666666665
0 0.117796875 0.6814305555555555 0.0048515625 0.008416666666666666