1 0.7856484375 0.367625 0.018375 0.023333333333333334
1 0.442875 0.24869444444444444 0.009296875 0.023875
1 0.8579140625000001 0.5395 0.0179140625 0.022625
1 0.2587890625 0.438375 0.0141171875 0.02077777777777778
1 0.675296875 0.42577777777777776 0.013375000000000001 0.026694444444444444
1 0.75146875 0.6497361111111111 0.0087109375 0.013583333333333333
1 0.677734375 0.3517777777777778 0.011734375 0.03040277777777778
1 0.5888671875 0.4431388888888889 0.007726562500000001 0.018791666666666665
1 0.636234375 0.890625 0.01178125 0.021180555555555557
1 0.5556640625 0.32487499999999997 0.00709375 0.021597222222222223
1 0.6821328125 0.5855 0.0179921875 0.02013888888888889
1 0.673828125 0.7365416666666665 0.008546874999999999 0.013208333333333332
0 0.54296875 0.33529166666666665 0.004148437499999999 0.007875