1 0.10013281249999999 0.4841944444444444 0.0207265625 0.020166666666666666
1 0.6190156250000001 0.1748888888888889 0.0115234375 0.02369444444444444
1 0.44116406250000006 0.648875 0.00815625 0.018361111111111113
1 0.6860390625 0.5677083333333334 0.012625 0.034861111111111114
1 0.7055703125 0.7161527777777777 0.011960937500000001 0.03222222222222222
1 0.21034375 0.1467638888888889 0.0167578125 0.029027777777777777
1 0.47632031250000006 0.5195277777777778 0.008578125 0.012666666666666666
0 0.47436718750000006 0.53125 0.0050390625 0.012902777777777777
1 0.48608593750000006 0.1622222222222222 0.0141171875 0.034208333333333334
1 0.8266640625000001 0.5204027777777778 0.0146171875 0.024805555555555556
1 0.40210156250000006 0.8789027777777777 0.009820312500000001 0.03136111111111111
1 0.2728359375 0.23705555555555557 0.011757812500000001 0.024930555555555553
1 0.601171875 0.8468611111111112 0.00975 0.026291666666666665