0 0.4921875 0.5811666666666666 0.004179687499999999 0.007972222222222223
1 0.4350625 0.5907083333333334 0.0095625 0.021680555555555554
1 0.5068359375 0.6454027777777778 0.011164062499999999 0.020944444444444446
1 0.3935546875 0.3463611111111111 0.0138984375 0.02201388888888889
1 0.5571328125 0.24695833333333334 0.011875 0.019916666666666666
1 0.7041015625 0.6015694444444445 0.0138984375 0.022444444444444444
1 0.5087890625 0.7339444444444445 0.008984375 0.02323611111111111
1 0.5791015625 0.54775 0.008515625 0.022444444444444444
1 0.546390625 0.44531944444444443 0.00834375 0.024611111111111108
1 0.44409375000000006 0.37240277777777775 0.00878125 0.014222222222222223
1 0.4585 0.2497777777777778 0.011640625 0.017069444444444443
1 0.42211718749999994 0.8003472222222222 0.0102890625 0.016666666666666666
1 0.4765625 0.45269444444444445 0.0138984375 0.022444444444444444