1 0.49585156250000006 0.19911111111111113 0.0138984375 0.03323611111111111
1 0.45092968750000006 0.6892361111111112 0.011421875 0.022194444444444444
1 0.2165546875 0.19780555555555554 0.011164062499999999 0.02423611111111111
1 0.3759765625 0.8502638888888889 0.0116875 0.02227777777777778
1 0.6069375 0.24913888888888888 0.0109453125 0.025875
1 0.2587890625 0.3741388888888889 0.013328125 0.016805555555555556
1 0.5693359375 0.8849861111111111 0.0136875 0.025777777777777774
1 0.08252343749999999 0.5039027777777778 0.0161015625 0.022527777777777775
1 0.6640625 0.5677083333333334 0.0127265625 0.018083333333333333
1 0.810546875 0.5664027777777778 0.018796874999999998 0.022527777777777775
1 0.632328125 0.7638888888888888 0.0095625 0.017458333333333333
1 0.47846093749999996 0.42487500000000006 0.008203125 0.012208333333333331
0 0.5676328125000001 0.8612083333333334 0.0042578125 0.01038888888888889