1 0.3833046875 0.40647222222222223 0.013632812499999999 0.022194444444444444
1 0.233890625 0.22547222222222224 0.013843749999999998 0.017875
1 0.395265625 0.5169305555555556 0.0102109375 0.021847222222222223
1 0.1163359375 0.46397222222222223 0.016921875 0.017
1 0.3759765625 0.23841666666666667 0.013484375000000002 0.017458333333333333
1 0.3684921875 0.7910555555555555 0.0124296875 0.018944444444444444
1 0.33815625 0.6896666666666667 0.019398437499999997 0.026375
1 0.2771796875 0.8495138888888889 0.0111953125 0.027638888888888886
1 0.347171875 0.5603333333333333 0.010906250000000001 0.026375
1 0.754609375 0.5209166666666667 0.021796875 0.022833333333333334
1 0.3459453125 0.49783333333333335 0.010171875 0.021347222222222222
0 0.3570390625 0.6837638888888888 0.0041953125 0.009194444444444444
1 0.3146953125 0.5950555555555556 0.010734375 0.026805555555555558