1 0.6508828125 0.32769444444444445 0.009296875 0.019305555555555555
1 0.6357421875 0.41948611111111106 0.014671875000000001 0.028833333333333336
1 0.7607421875 0.3517777777777778 0.01428125 0.02305555555555556
1 0.8359375 0.5134583333333333 0.016843749999999998 0.02359722222222222
1 0.7138671875 0.6445277777777778 0.010453125 0.017527777777777778
1 0.5283203125 0.3148888888888889 0.0074062500000000005 0.015194444444444444
0 0.4301796875 0.30990277777777775 0.0041640625 0.008013888888888888
1 0.6611328125 0.5811666666666666 0.01640625 0.02415277777777778
1 0.44214062500000006 0.24913888888888888 0.0084140625 0.015013888888888889
1 0.564453125 0.4622361111111111 0.0109453125 0.024055555555555556
1 0.280515625 0.41080555555555553 0.013632812499999999 0.026291666666666665
1 0.5966796875 0.8915 0.014953125000000001 0.026375
1 0.656265625 0.7146388888888888 0.0148984375 0.019555555555555555