1 0.853515625 0.5625 0.018875 0.021513888888888888
1 0.720625 0.553236111111111 0.008078125 0.010083333333333333
1 0.3911171875 0.24154166666666665 0.00978125 0.022194444444444444
1 0.7646484375 0.7304722222222223 0.021578125 0.022625
1 0.7099609375 0.5590277777777778 0.0108203125 0.01659722222222222
1 0.60303125 0.7543472222222222 0.01103125 0.016527777777777777
1 0.677734375 0.492625 0.01428125 0.026486111111111113
1 0.8501015625000001 0.9010416666666666 0.02084375 0.029833333333333333
1 0.947265625 0.6319444444444444 0.0217734375 0.01901388888888889
0 0.8120156250000001 0.7743055555555556 0.0049453125 0.009805555555555555
1 0.1573515625 0.48394444444444445 0.015187500000000001 0.019916666666666666
1 0.5080625000000001 0.5931111111111111 0.018 0.028277777777777777
1 0.837890625 0.9401111111111111 0.01771875 0.022194444444444444