1 0.1240234375 0.4752638888888889 0.0145546875 0.020305555555555556
1 0.3994140625 0.4366388888888889 0.0136875 0.025097222222222222
1 0.24865624999999997 0.23980555555555555 0.013273437499999999 0.017388888888888888
1 0.40234375 0.2345972222222222 0.0097421875 0.02315277777777778
1 0.2876015625 0.8411527777777777 0.011875 0.02305555555555556
1 0.3723125 0.6896666666666667 0.013125000000000001 0.02175
1 0.4366484375 0.7669861111111111 0.0142421875 0.017263888888888888
1 0.43191406250000003 0.4687916666666666 0.014953125000000001 0.017305555555555557
1 0.41284375000000006 0.6180555555555556 0.018796874999999998 0.018930555555555558
1 0.7744140625 0.5642361111111112 0.0171015625 0.02126388888888889
1 0.419921875 0.523 0.0102109375 0.02022222222222222
1 0.3928203125 0.8077222222222221 0.0098984375 0.020305555555555556
0 0.44460937500000003 0.7794027777777777 0.0053359375 0.01011111111111111