1 0.6694375 0.5091111111111111 0.011328125 0.021597222222222223
1 0.5415078125 0.44379166666666664 0.00815625 0.020694444444444446
1 0.7153359375 0.4934861111111111 0.0105703125 0.019458333333333334
1 0.749515625 0.6336805555555556 0.0186171875 0.02013888888888889
1 0.6741875 0.7481249999999999 0.009945312500000001 0.019027777777777775
1 0.7329140625 0.9184027777777778 0.0153671875 0.022194444444444444
1 0.1721171875 0.48915277777777777 0.00815625 0.016027777777777776
1 0.4150390625 0.25 0.00878125 0.025694444444444443
1 0.733890625 0.46875 0.0173828125 0.026694444444444444
1 0.8330078125 0.7365416666666665 0.01621875 0.026375
1 0.8481484375000001 0.4704861111111111 0.013953125 0.017527777777777778
1 0.9204140625000001 0.5403611111111111 0.0186171875 0.021680555555555554
0 0.687015625 0.45790277777777777 0.00425 0.007819444444444445