1 0.47803125 0.45181944444444444 0.014734375 0.02690277777777778
1 0.4384765625 0.4129722222222222 0.01009375 0.017722222222222223
1 0.45727343749999994 0.25043055555555555 0.014453125 0.03040277777777778
1 0.40307812500000006 0.7786527777777777 0.0120546875 0.01938888888888889
1 0.36596875 0.32943055555555556 0.010453125 0.011222222222222222
1 0.5361328125 0.27408333333333335 0.0102109375 0.02359722222222222
1 0.501953125 0.6289027777777778 0.008984375 0.020694444444444446
1 0.562015625 0.5625 0.0082578125 0.017125
1 0.5224609375 0.47179166666666666 0.007640625 0.020694444444444446
1 0.42211718749999994 0.5928888888888889 0.0082578125 0.017527777777777778
1 0.51171875 0.7235277777777779 0.0088515625 0.022875
1 0.66015625 0.5815972222222222 0.010453125 0.035124999999999997
0 0.468265625 0.5173611111111112 0.00425 0.007583333333333333