1 0.756640625 0.5305416666666667 0.0165625 0.024319444444444446
1 0.11963281249999999 0.4635416666666667 0.01634375 0.01648611111111111
1 0.3779296875 0.23568055555555556 0.0112421875 0.025
1 0.35910156249999997 0.699861111111111 0.026000000000000002 0.022125
1 0.37459375 0.7903888888888889 0.012617187499999998 0.022736111111111113
1 0.3989296875 0.5121527777777778 0.010609375 0.020388888888888887
1 0.2771015625 0.8472222222222222 0.0104921875 0.023416666666666665
1 0.3852578125 0.4099444444444445 0.0119140625 0.021597222222222223
1 0.23948437500000003 0.22794444444444445 0.0146171875 0.019680555555555555
1 0.35490625 0.5698194444444444 0.010499999999999999 0.021847222222222223
1 0.32421875 0.6184861111111111 0.009820312500000001 0.021680555555555554
1 0.365234375 0.4982638888888889 0.011164062499999999 0.020069444444444442
0 0.3732265625 0.7143472222222222 0.003640625 0.007027777777777777