1 0.8818359375 0.54775 0.0197109375 0.021930555555555554
1 0.21349999999999997 0.46744444444444444 0.016984375 0.022194444444444444
1 0.7861328125 0.6740416666666667 0.018375 0.024611111111111108
1 0.634765625 0.45181944444444444 0.012234375 0.025694444444444443
1 0.67578125 0.7369861111111111 0.0120078125 0.01801388888888889
1 0.7138671875 0.4201388888888889 0.017515625 0.03065277777777778
1 0.8134765625 0.40625 0.018187500000000002 0.022347222222222223
1 0.7114296875 0.6111111111111112 0.01578125 0.017388888888888888
1 0.6795312499999999 0.8908333333333333 0.013140625 0.022708333333333334
0 0.5625 0.35459722222222223 0.0046796875 0.01038888888888889
1 0.6958046875 0.4129722222222222 0.013171875 0.02077777777777778
1 0.552734375 0.36523611111111115 0.009015625 0.029263888888888888
1 0.4327109375 0.24975 0.011484375 0.023291666666666665