1 0.5043984375 0.31033333333333335 0.009601562499999999 0.023972222222222225
1 0.42602343749999994 0.523875 0.008921875 0.01886111111111111
1 0.5356484375 0.7096388888888889 0.009234375 0.026486111111111113
1 0.44653124999999994 0.24869444444444444 0.009335937499999999 0.01923611111111111
1 0.64453125 0.5490416666666667 0.0119140625 0.019916666666666666
1 0.49340624999999994 0.3943194444444445 0.0125703125 0.02786111111111111
1 0.5786171875 0.6328194444444445 0.01146875 0.028833333333333336
1 0.6333046875 0.24761111111111112 0.009710937499999999 0.027944444444444445
1 0.421390625 0.44834722222222223 0.01053125 0.027625
1 0.48053125 0.8510000000000001 0.008859375 0.021208333333333333
1 0.75928125 0.5355972222222222 0.015015625 0.02201388888888889
0 0.4340859375 0.4752638888888889 0.0041328125 0.007402777777777778
1 0.4008828125 0.34526388888888887 0.011375 0.024805555555555556