1 0.54296875 0.3292083333333333 0.012148437500000001 0.024611111111111108
1 0.2810078125 0.8385416666666666 0.014835937499999998 0.01952777777777778
1 0.24377343749999997 0.38931944444444444 0.012671874999999999 0.014
1 0.48364062499999994 0.8793472222222222 0.0106953125 0.03336111111111111
1 0.585453125 0.5117222222222222 0.0090859375 0.01961111111111111
1 0.224609375 0.5013055555555556 0.0153671875 0.022805555555555558
1 0.23278906250000003 0.2153888888888889 0.0135859375 0.02752777777777778
1 0.4168359375 0.7050000000000001 0.0109609375 0.029444444444444443
1 0.513671875 0.6692777777777777 0.01428125 0.021111111111111112
1 0.7973671875 0.555125 0.0140078125 0.024805555555555556
1 0.0718359375 0.5069444444444444 0.01615625 0.017722222222222223
1 0.46020312499999994 0.2719166666666667 0.0141171875 0.027208333333333334
0 0.407515625 0.7068194444444444 0.003953125 0.008333333333333333