1 0.166140625 0.48827777777777776 0.015015625 0.017194444444444446
1 0.724609375 0.53125 0.0115078125 0.01648611111111111
1 0.536625 0.4861111111111111 0.0090546875 0.017944444444444443
1 0.76953125 0.6475694444444444 0.0206875 0.02690277777777778
1 0.6591796875 0.7617222222222223 0.0109453125 0.021930555555555554
1 0.8403359375000001 0.7864583333333334 0.01621875 0.021027777777777777
1 0.6860390625 0.5455694444444444 0.0123359375 0.017944444444444443
1 0.939453125 0.5403611111111111 0.02084375 0.020541666666666666
1 0.745609375 0.45790277777777777 0.023421875 0.029375
1 0.8525390625 0.5117222222222222 0.0153671875 0.01673611111111111
1 0.40649218749999994 0.24522222222222223 0.0072578124999999995 0.01961111111111111
1 0.7661171875 0.9201388888888888 0.01678125 0.021180555555555557
0 0.7333984375 0.4622361111111111 0.00446875 0.008388888888888888