1 0.44262499999999994 0.38780555555555557 0.0095625 0.020458333333333335
1 0.5126953125 0.750875 0.0103671875 0.030541666666666665
1 0.3852578125 0.3428888888888889 0.0121953125 0.03113888888888889
1 0.5473671875 0.24956944444444445 0.0102890625 0.02415277777777778
1 0.45629687499999994 0.2523888888888889 0.0123359375 0.026486111111111113
1 0.5400390625 0.45443055555555556 0.012773437500000002 0.02305555555555556
1 0.4262734375 0.5950555555555556 0.009375 0.022708333333333334
1 0.6938515625 0.6024305555555556 0.0158359375 0.02538888888888889
1 0.49780468750000006 0.632375 0.009296875 0.020458333333333335
1 0.569828125 0.5611944444444444 0.009273437499999999 0.01916666666666667
1 0.47778124999999994 0.45529166666666665 0.015078125000000001 0.030541666666666665
0 0.4833984375 0.5594583333333334 0.0038671875 0.007638888888888889
1 0.4150390625 0.8120694444444445 0.0082890625 0.021347222222222222