1 0.48608593750000006 0.16015277777777778 0.014335937500000001 0.033041666666666664
1 0.389671875 0.8695555555555556 0.015226562499999999 0.02188888888888889
1 0.6201171875 0.17502777777777778 0.0127265625 0.02711111111111111
1 0.6782265625 0.5620694444444444 0.0087109375 0.01938888888888889
1 0.26440625 0.29818055555555556 0.013953125 0.020944444444444446
0 0.4575234375 0.601125 0.0038125 0.008166666666666666
1 0.20227343750000001 0.15320833333333334 0.0177734375 0.0185
1 0.4775390625 0.5264722222222222 0.0086171875 0.027625
1 0.7099609375 0.7204861111111112 0.011960937500000001 0.024055555555555556
1 0.0907578125 0.48654166666666665 0.0197890625 0.02022222222222222
1 0.83203125 0.5264722222222222 0.0165859375 0.026291666666666665
1 0.44018750000000006 0.6475694444444444 0.0080625 0.018791666666666665
1 0.601734375 0.8907638888888889 0.012734375000000001 0.024680555555555556