1 0.44210937499999997 0.8281805555555555 0.0129765625 0.023069444444444445
1 0.5455 0.2870972222222222 0.013843749999999998 0.023541666666666666
1 0.3271484375 0.796875 0.0088828125 0.016930555555555556
1 0.12725 0.4748472222222222 0.0170546875 0.023708333333333335
1 0.2816484375 0.2692083333333333 0.0138984375 0.02402777777777778
1 0.6164531249999999 0.6873611111111111 0.0203125 0.020125
1 0.490234375 0.5221388888888889 0.0106484375 0.02077777777777778
1 0.455078125 0.4600694444444444 0.013328125 0.025875
1 0.6708984375 0.43468055555555557 0.013796875 0.02415277777777778
0 0.6665078125 0.5420972222222222 0.0041015625 0.007097222222222223
1 0.526390625 0.7235833333333334 0.012140624999999999 0.01977777777777778
1 0.8432187499999999 0.5778055555555556 0.0172265625 0.02676388888888889
1 0.5786953125000001 0.7648333333333333 0.013015625 0.024319444444444446