1 0.45727343749999994 0.2510833333333333 0.0124296875 0.022444444444444444
1 0.42749218750000006 0.7973055555555555 0.008640625 0.019083333333333334
1 0.5141640625 0.6536527777777777 0.00803125 0.021027777777777777
0 0.49975781250000006 0.5985277777777778 0.004328125 0.007347222222222222
1 0.44702343750000006 0.3695694444444444 0.008953125000000001 0.02013888888888889
1 0.3962421875 0.34700000000000003 0.010249999999999999 0.023416666666666665
1 0.56640625 0.25022222222222223 0.010859375000000001 0.02415277777777778
1 0.585453125 0.5412361111111111 0.0096328125 0.020694444444444446
1 0.50928125 0.7309027777777778 0.009273437499999999 0.02227777777777778
1 0.44140625 0.5872361111111111 0.00834375 0.022194444444444444
1 0.7080078125 0.6015694444444445 0.017046875 0.02323611111111111
1 0.546875 0.4431388888888889 0.0081875 0.023500000000000004
1 0.47680468749999994 0.4522638888888889 0.0136875 0.022194444444444444