1 0.313453125 0.2709444444444445 0.016859375 0.02408333333333333
1 0.628421875 0.6341111111111111 0.010734375 0.02423611111111111
1 0.6797890625 0.3252638888888889 0.016578125 0.02459722222222222
1 0.35796875 0.7453055555555556 0.0113125 0.02359722222222222
1 0.7680703125 0.5672777777777778 0.012484375 0.02315277777777778
1 0.5004921875 0.46484722222222224 0.0124296875 0.02711111111111111
1 0.620609375 0.7842916666666667 0.0125703125 0.025097222222222222
1 0.48949999999999994 0.82175 0.012671874999999999 0.01615277777777778
1 0.5771484375 0.5395 0.0136875 0.021430555555555557
1 0.12646875 0.48047222222222224 0.012921875 0.017319444444444446
1 0.8891640625000001 0.5486111111111112 0.013953125 0.023875
1 0.759765625 0.4976944444444444 0.0192734375 0.022458333333333337