1 0.45865625000000004 0.2497777777777778 0.0169375 0.020527777777777777
1 0.5068359375 0.6467083333333333 0.013125000000000001 0.02323611111111111
1 0.4443359375 0.37218055555555557 0.009710937499999999 0.01659722222222222
1 0.7055703125 0.601125 0.013023437500000002 0.02086111111111111
1 0.5805703125 0.5529583333333333 0.01053125 0.03691666666666667
1 0.546390625 0.4440138888888889 0.007640625 0.024055555555555556
1 0.42407031249999994 0.8025138888888889 0.013171875 0.029166666666666667
1 0.556640625 0.2497777777777778 0.013171875 0.022625
1 0.508828125 0.731111111111111 0.0104296875 0.022
1 0.4770546875 0.454 0.014671875000000001 0.02826388888888889
1 0.437015625 0.5911527777777777 0.011289062499999999 0.02538888888888889
1 0.393578125 0.34405555555555556 0.0178515625 0.01927777777777778
0 0.49365625 0.5855 0.0044140625000000005 0.008069444444444443