1 0.7036171875 0.5590277777777778 0.0146171875 0.02022222222222222
1 0.1428203125 0.4878472222222222 0.01634375 0.018430555555555554
1 0.3515625 0.2690972222222222 0.0111171875 0.020694444444444446
1 0.9389687500000001 0.6410555555555556 0.0250859375 0.020388888888888887
1 0.41039843749999994 0.7174444444444443 0.012828125000000001 0.024430555555555556
1 0.6796875 0.8038194444444444 0.014390625 0.020541666666666666
1 0.554203125 0.4787361111111111 0.0171015625 0.027000000000000003
1 0.8110390625000001 0.39648611111111115 0.017046875 0.01686111111111111
1 0.8681640625 0.6992222222222222 0.017578125 0.02201388888888889
1 0.5415078125 0.8224861111111111 0.0115078125 0.013736111111111112
1 0.677734375 0.6280416666666666 0.01615625 0.023972222222222225
1 0.849609375 0.8789027777777777 0.011875 0.017791666666666667
0 0.8540078125000001 0.9722222222222222 0.0056015625 0.010680555555555556