1 0.62109375 0.17469444444444446 0.011554687499999999 0.025291666666666667
1 0.207125 0.14795833333333333 0.016828125 0.02488888888888889
0 0.47629687499999995 0.532625 0.0044140625000000005 0.010180555555555556
1 0.10107812499999999 0.4835138888888889 0.019453124999999998 0.023500000000000004
1 0.48706250000000006 0.16134722222222223 0.014335937500000001 0.028624999999999998
1 0.8276406250000001 0.5212638888888889 0.01428125 0.02305555555555556
1 0.7094765625 0.7178888888888889 0.012671874999999999 0.01952777777777778
1 0.2712421875 0.25151388888888887 0.013328125 0.027208333333333334
1 0.3966171875 0.8702361111111112 0.00853125 0.020097222222222225
1 0.595703125 0.8615416666666665 0.010609375 0.030083333333333333
1 0.68115625 0.5625 0.010453125 0.021513888888888888
1 0.4418046875 0.6475 0.0087734375 0.016374999999999997
1 0.4796171875 0.5221111111111111 0.009171875 0.021805555555555554