1 0.38046875 0.24583333333333332 0.0171875 0.03240277777777777
1 0.4106484375 0.6415 0.00978125 0.018791666666666665
1 0.4560546875 0.7521666666666665 0.011375 0.04001388888888889
1 0.215578125 0.5494861111111111 0.0121015625 0.021597222222222223
1 0.45092968750000006 0.444875 0.008984375 0.020388888888888887
1 0.494140625 0.26519444444444445 0.010453125 0.025
1 0.5600625 0.461375 0.01159375 0.01952777777777778
1 0.3805 0.5674166666666667 0.011617187499999999 0.020958333333333332
1 0.42456250000000006 0.8433194444444445 0.0095625 0.023333333333333334
1 0.5688515625 0.6653611111111111 0.014671875000000001 0.04047222222222222
1 0.43383593749999994 0.5390694444444445 0.013171875 0.027430555555555555
1 0.251953125 0.7295972222222221 0.0134296875 0.01865277777777778
0 0.567203125 0.6505694444444445 0.005890625 0.010833333333333334