1 0.6767578125 0.3430972222222222 0.010609375 0.017875
1 0.78271875 0.36241666666666666 0.014671875000000001 0.018291666666666668
1 0.6787109375 0.5859444444444445 0.0155390625 0.018583333333333334
1 0.671390625 0.7361111111111112 0.01009375 0.014555555555555556
1 0.5500703125 0.3297638888888889 0.018453125 0.020708333333333332
1 0.260984375 0.4303333333333333 0.012531249999999999 0.018152777777777778
1 0.7431640625 0.6427916666666667 0.01428125 0.01801388888888889
1 0.8520546875000001 0.5373333333333333 0.021984375 0.021597222222222223
1 0.583984375 0.4466111111111111 0.01178125 0.021111111111111112
1 0.44214062500000006 0.24522222222222223 0.0063593750000000004 0.012555555555555554
1 0.667484375 0.4268611111111111 0.01834375 0.030194444444444444
1 0.6293984375 0.8888888888888888 0.013273437499999999 0.01822222222222222
0 0.5390625 0.33484722222222224 0.004148437499999999 0.007847222222222222