1 0.15490625 0.48306944444444444 0.0121953125 0.016291666666666666
1 0.8497890625 0.9487083333333334 0.0166640625 0.036500000000000005
1 0.39518749999999997 0.25909722222222226 0.013890625 0.02545833333333333
1 0.70703125 0.5963611111111111 0.01159375 0.017
1 0.5871875 0.7940694444444445 0.008578125 0.025152777777777777
1 0.8740234375 0.8459166666666665 0.01953125 0.025875
1 0.8662109375 0.5208333333333334 0.01628125 0.01961111111111111
1 0.7446328125 0.7721388888888889 0.014226562500000001 0.03136111111111111
1 0.634765625 0.5043472222222222 0.0161015625 0.030541666666666665
1 0.48558593749999995 0.6458333333333334 0.0159765625 0.029291666666666667
1 0.9487343750000001 0.6319444444444444 0.023070312500000002 0.016805555555555556
1 0.72846875 0.5565277777777777 0.0156640625 0.01201388888888889
0 0.841796875 0.9296944444444445 0.0047890625 0.009541666666666667