1 0.20910937500000001 0.1440972222222222 0.0121953125 0.02297222222222222
1 0.44067187499999994 0.6493055555555556 0.0087421875 0.018583333333333334
0 0.474125 0.5308194444444444 0.0043984375 0.011180555555555556
1 0.6196328125 0.17502777777777778 0.010328125 0.023333333333333334
1 0.48510937500000006 0.16134722222222223 0.015015625 0.036083333333333335
1 0.687015625 0.5611944444444444 0.0121953125 0.019083333333333334
1 0.8256875000000001 0.5186666666666666 0.0158359375 0.026194444444444444
1 0.40356249999999994 0.8745694444444445 0.0088125 0.022708333333333334
1 0.099671875 0.48654166666666665 0.0204921875 0.025583333333333336
1 0.27221875 0.23502777777777778 0.01040625 0.02315277777777778
1 0.6015625 0.8450555555555557 0.007124999999999999 0.014611111111111111
1 0.705078125 0.7148472222222223 0.0115078125 0.02773611111111111
1 0.47648437499999996 0.5191805555555555 0.007726562500000001 0.01798611111111111