1 0.720703125 0.32855555555555555 0.0165859375 0.024708333333333332
1 0.6044921875 0.32095833333333335 0.008640625 0.019916666666666666
1 0.616703125 0.7096388888888889 0.00796875 0.021111111111111112
1 0.8061562500000001 0.46570833333333334 0.01640625 0.018583333333333334
1 0.6547890625 0.5776944444444444 0.012773437500000002 0.02077777777777778
1 0.658203125 0.6523472222222222 0.017640625 0.022347222222222223
1 0.437015625 0.23177777777777778 0.00821875 0.019916666666666666
1 0.49926562499999994 0.2881944444444444 0.0125703125 0.02711111111111111
1 0.522953125 0.4826388888888889 0.0090546875 0.025583333333333336
1 0.5810546875 0.4114583333333333 0.013484375000000002 0.024055555555555556
1 0.55078125 0.8836805555555556 0.012234375 0.025583333333333336
1 0.31909375 0.2586805555555556 0.0120078125 0.025194444444444446
0 0.313234375 0.27647222222222223 0.0045390625 0.009138888888888889