1 0.7251015625 0.5412361111111111 0.0137421875 0.028833333333333336
1 0.1629609375 0.48741666666666666 0.0108203125 0.01573611111111111
1 0.7490234375 0.45616666666666666 0.01615625 0.027944444444444445
1 0.6541718750000001 0.762625 0.014953125000000001 0.018597222222222223
1 0.68896875 0.5486111111111112 0.014671875000000001 0.018152777777777778
1 0.7700234375 0.6445277777777778 0.0186953125 0.02201388888888889
1 0.8530312500000001 0.5151944444444444 0.014835937499999998 0.02077777777777778
1 0.771484375 0.9201388888888888 0.014734375 0.024902777777777777
1 0.83984375 0.7903611111111111 0.01678125 0.03336111111111111
1 0.4052734375 0.25 0.007664062500000001 0.02415277777777778
1 0.939453125 0.5425416666666667 0.0212109375 0.023333333333333334
1 0.537015625 0.49095833333333333 0.012515624999999999 0.027555555555555555
0 0.7303359375 0.5365694444444444 0.0055 0.009513888888888888