1 0.6035781250000001 0.8901249999999999 0.014320312499999998 0.01798611111111111
1 0.6176796875 0.18152777777777776 0.0120546875 0.026291666666666665
1 0.20861718749999997 0.1645 0.0171796875 0.020305555555555556
1 0.3872109375 0.8628472222222222 0.009710937499999999 0.02377777777777778
1 0.47827343750000006 0.46831944444444445 0.009335937499999999 0.01923611111111111
1 0.67578125 0.57075 0.0119140625 0.021597222222222223
1 0.673828125 0.7439305555555555 0.0123828125 0.018722222222222223
1 0.4477578125 0.6549444444444444 0.008984375 0.01822222222222222
1 0.4892578125 0.1645 0.014171875 0.022875
1 0.2595234375 0.33594444444444443 0.0158359375 0.027208333333333334
1 0.83984375 0.5425416666666667 0.0140078125 0.020944444444444446
0 0.5888671875 0.7026944444444444 0.0049453125 0.009069444444444444
1 0.089015625 0.48825 0.0233984375 0.023027777777777775