1 0.5102578125 0.4042916666666666 0.013796875 0.025
1 0.661625 0.5759583333333333 0.0171796875 0.01822222222222222
1 0.7718906249999999 0.49770833333333336 0.0147890625 0.020180555555555556
1 0.5922890625 0.6497361111111111 0.0119140625 0.02022222222222222
1 0.565921875 0.7183194444444445 0.006929687499999999 0.01923611111111111
1 0.6538125 0.2708333333333333 0.014226562500000001 0.02423611111111111
1 0.5336953125 0.32095833333333335 0.00784375 0.01961111111111111
1 0.4555703125 0.5108472222222222 0.0086171875 0.018430555555555554
1 0.505375 0.8689305555555555 0.00978125 0.026291666666666665
1 0.4345703125 0.33529166666666665 0.011203125 0.02086111111111111
1 0.34990625 0.3880416666666667 0.0133125 0.02770833333333333
1 0.4418984375 0.2378472222222222 0.009234375 0.015250000000000001
0 0.35832031249999996 0.3910138888888888 0.0048046875 0.011944444444444443