1 0.8540078125000001 0.49956944444444445 0.01628125 0.025875
1 0.765140625 0.6388888888888888 0.0141171875 0.021513888888888888
1 0.6645546875 0.7608472222222221 0.010984375000000001 0.01923611111111111
1 0.40771875 0.2482638888888889 0.0079375 0.019458333333333334
1 0.5390625 0.47352777777777777 0.008375 0.021347222222222222
1 0.7446328125 0.4587638888888889 0.01640625 0.026194444444444444
1 0.6787109375 0.5408055555555555 0.014171875 0.0185
1 0.838265625 0.7698333333333333 0.0160859375 0.022916666666666665
1 0.9340859375000001 0.5364583333333334 0.02484375 0.021930555555555554
1 0.7238203125 0.5232638888888889 0.013046875 0.022111111111111113
0 0.7172890625 0.4605 0.0041640625 0.008097222222222223
1 0.755375 0.9184027777777778 0.0151328125 0.022194444444444444
1 0.165890625 0.48654166666666665 0.00809375 0.01597222222222222