1 0.5244140625 0.7035555555555556 0.0102890625 0.022625
1 0.39721875 0.34700000000000003 0.010781250000000001 0.01961111111111111
1 0.4482421875 0.24891666666666667 0.0094140625 0.01865277777777778
0 0.5361328125 0.6050416666666667 0.0038671875 0.0073194444444444435
1 0.57178125 0.6336805555555556 0.0098984375 0.020458333333333335
1 0.494140625 0.31466666666666665 0.01009375 0.02126388888888889
1 0.43285937499999994 0.5395 0.009671875 0.020458333333333335
1 0.6318359375 0.25716666666666665 0.01053125 0.021597222222222223
1 0.638671875 0.5381944444444444 0.011640625 0.02077777777777778
1 0.7563515625 0.5494861111111111 0.012828125000000001 0.022805555555555558
1 0.46020312499999994 0.45616666666666666 0.00996875 0.01952777777777778
1 0.47103906249999994 0.8428333333333333 0.0124921875 0.023083333333333334
1 0.48364062499999994 0.3977916666666667 0.015671875 0.029263888888888888