1 0.4169921875 0.7135416666666666 0.01040625 0.017263888888888888
1 0.5610390625 0.48177777777777775 0.0155390625 0.025291666666666667
1 0.3552265625 0.2673611111111111 0.00784375 0.02077777777777778
1 0.8227578125000001 0.4127638888888889 0.01640625 0.02415277777777778
1 0.7163125 0.5616388888888889 0.01634375 0.018930555555555558
1 0.8588906250000001 0.9114583333333334 0.014499999999999999 0.021930555555555554
1 0.1456328125 0.48827777777777776 0.0121015625 0.01865277777777778
1 0.6860390625 0.6371527777777778 0.0123828125 0.016527777777777777
1 0.8754921875000001 0.7274305555555556 0.016523437499999998 0.02201388888888889
0 0.8569375000000001 0.9609444444444445 0.00546875 0.01186111111111111
1 0.9458046875000001 0.6362916666666667 0.0193515625 0.02013888888888889
1 0.550296875 0.8272638888888889 0.007609375 0.01686111111111111
1 0.6860390625 0.8033888888888889 0.018796874999999998 0.024708333333333332