1 0.099484375 0.48394444444444445 0.018875 0.021027777777777777
1 0.43969531249999994 0.648875 0.008515625 0.019916666666666666
0 0.4738125 0.5336805555555556 0.0040078125 0.006416666666666667
1 0.6884765625 0.5611944444444444 0.010007812500000001 0.022194444444444444
1 0.61865625 0.17469444444444446 0.010734375 0.023333333333333334
1 0.40651562500000005 0.8717499999999999 0.01053125 0.018416666666666668
1 0.21025 0.1507777777777778 0.015484375 0.028416666666666666
1 0.8247109375000001 0.5199722222222222 0.0160234375 0.024708333333333332
1 0.705078125 0.7139722222222221 0.0120546875 0.02826388888888889
1 0.2727890625 0.2246388888888889 0.013367187499999999 0.01651388888888889
1 0.4848671875 0.15733333333333333 0.0140078125 0.024611111111111108
1 0.60303125 0.8359444444444445 0.007640625 0.015013888888888889
1 0.47547656250000003 0.5174583333333334 0.0095078125 0.015902777777777776