1 0.229734375 0.22080555555555553 0.0140625 0.021513888888888888
1 0.0823984375 0.640625 0.014671875000000001 0.025694444444444443
1 0.16540625 0.8363750000000001 0.015484375 0.017722222222222223
1 0.1883515625 0.42295833333333327 0.011828125 0.016027777777777776
1 0.42725 0.6670972222222222 0.009296875 0.02305555555555556
1 0.468265625 0.5039027777777778 0.01040625 0.02297222222222222
1 0.390140625 0.33355555555555555 0.0159609375 0.03125
1 0.352296875 0.6653611111111111 0.0120078125 0.025097222222222222
1 0.439453125 0.33984722222222224 0.012148437500000001 0.03090277777777778
1 0.0328359375 0.5759583333333333 0.0199921875 0.021597222222222223
1 0.75390625 0.5316805555555556 0.01809375 0.02323611111111111
0 0.0916640625 0.6475416666666667 0.004125 0.0077222222222222215
1 0.381703125 0.8173333333333334 0.013500000000000002 0.02361111111111111