1 0.66015625 0.5855 0.010734375 0.02227777777777778
1 0.45727343749999994 0.25216666666666665 0.013484375000000002 0.029625
1 0.5126953125 0.7222222222222222 0.007062499999999999 0.018583333333333334
1 0.36596875 0.33311111111111114 0.0121953125 0.018361111111111113
1 0.47729687500000006 0.4522638888888889 0.0147890625 0.024527777777777777
1 0.50146875 0.6293472222222222 0.009234375 0.01984722222222222
0 0.4677734375 0.5182361111111111 0.004148437499999999 0.007375
1 0.42163281250000006 0.5941805555555556 0.00878125 0.01865277777777778
1 0.5361328125 0.2753888888888889 0.010328125 0.023875
1 0.4379921875 0.41080555555555553 0.0082578125 0.01326388888888889
1 0.40234375 0.7786527777777777 0.0121015625 0.01984722222222222
1 0.5625 0.5616388888888889 0.0081875 0.025694444444444443
1 0.5219765625 0.47265277777777776 0.0073203124999999996 0.018291666666666668