1 0.396484375 0.43272222222222223 0.010171875 0.022708333333333334
1 0.3767109375 0.7855972222222222 0.0090859375 0.021847222222222223
1 0.38671875 0.5629305555555556 0.012921875 0.024708333333333332
1 0.266359375 0.594625 0.014835937499999998 0.018791666666666665
1 0.5805703125 0.5681388888888889 0.009125 0.021930555555555554
1 0.4458046875 0.22483333333333333 0.007578125 0.021111111111111112
1 0.4931640625 0.2777777777777778 0.008546874999999999 0.02711111111111111
1 0.439453125 0.7474027777777777 0.012773437500000002 0.031
1 0.495609375 0.4466111111111111 0.0112421875 0.029625
1 0.4541015625 0.5876805555555555 0.00978125 0.022097222222222223
1 0.275390625 0.30990277777777775 0.0121015625 0.024611111111111108
1 0.42797656249999994 0.47005555555555556 0.0147890625 0.026805555555555558
0 0.2868671875 0.3645833333333333 0.0043828125 0.007472222222222222