1 0.3864765625 0.5169305555555556 0.0098984375 0.01998611111111111
1 0.32194531249999997 0.5875555555555556 0.014734375 0.022444444444444444
1 0.271734375 0.8489861111111111 0.01415625 0.02322222222222222
1 0.36028125 0.8035555555555555 0.01278125 0.021944444444444447
1 0.3356953125 0.5390694444444445 0.01571875 0.023500000000000004
1 0.10687500000000001 0.4618055555555556 0.0199453125 0.02538888888888889
1 0.374515625 0.26302777777777775 0.0111171875 0.02786111111111111
1 0.2998046875 0.4861111111111111 0.014953125000000001 0.02022222222222222
1 0.23628906249999998 0.22415277777777776 0.016484375000000002 0.020194444444444442
1 0.75390625 0.5130277777777777 0.016921875 0.025777777777777774
1 0.2783203125 0.6731805555555556 0.01428125 0.020458333333333335
1 0.378421875 0.387375 0.0140625 0.023875
0 0.30300781250000003 0.501 0.005890625 0.009222222222222222