1 0.2365703125 0.22569444444444445 0.013023437500000002 0.018291666666666668
1 0.3708515625 0.7925416666666667 0.01009375 0.022194444444444444
1 0.352234375 0.6991111111111111 0.0205234375 0.029388888888888888
1 0.397703125 0.5130277777777777 0.0097421875 0.019916666666666666
1 0.3779296875 0.23741666666666666 0.01146875 0.02690277777777778
1 0.1187734375 0.46441666666666664 0.016843749999999998 0.017069444444444443
1 0.276859375 0.8480972222222222 0.01040625 0.02423611111111111
1 0.3513203125 0.5664027777777778 0.0098984375 0.019680555555555555
1 0.384765625 0.40863888888888894 0.0134296875 0.025486111111111112
1 0.358890625 0.49783333333333335 0.0103671875 0.02022222222222222
1 0.32178125 0.609375 0.0125703125 0.029055555555555557
1 0.7560234375 0.5268333333333334 0.017710937500000003 0.020666666666666667
0 0.364234375 0.7072916666666667 0.0045625 0.009013888888888889