1 0.689453125 0.6467083333333333 0.012921875 0.01976388888888889
1 0.74365625 0.34765277777777776 0.014335937500000001 0.023500000000000004
1 0.63978125 0.7093888888888888 0.013765625 0.017694444444444443
1 0.6278984375000001 0.3248472222222222 0.0143671875 0.022194444444444444
1 0.6103515625 0.41731944444444447 0.01578125 0.029375
1 0.822265625 0.49175 0.01628125 0.025097222222222222
1 0.546640625 0.4724444444444445 0.015671875 0.025361111111111112
1 0.655765625 0.5768194444444444 0.0123828125 0.018791666666666665
1 0.4379921875 0.24956944444444445 0.0102890625 0.027208333333333334
1 0.5751953125 0.8875833333333333 0.0145546875 0.018583333333333334
0 0.366453125 0.2864583333333333 0.00446875 0.008652777777777778
1 0.5185 0.29770833333333335 0.012843750000000001 0.01622222222222222
1 0.2954453125 0.33468055555555554 0.013664062499999999 0.028708333333333336