1 0.5888671875 0.4134166666666667 0.014390625 0.026291666666666665
1 0.6667109375 0.6478055555555555 0.015070312499999999 0.017277777777777777
1 0.5068359375 0.28602777777777777 0.0120546875 0.02126388888888889
1 0.620609375 0.7165833333333335 0.0125703125 0.030763888888888886
1 0.3168984375 0.2673611111111111 0.01525 0.024527777777777777
1 0.608890625 0.32254166666666667 0.0136875 0.02048611111111111
1 0.6547890625 0.5747361111111111 0.0121953125 0.02023611111111111
1 0.8090859375000001 0.47091666666666665 0.01628125 0.020305555555555556
1 0.7265625 0.33355555555555555 0.0137421875 0.020388888888888887
1 0.5269921875 0.47731944444444446 0.014546875 0.018166666666666668
1 0.4384765625 0.2358888888888889 0.009125 0.02227777777777778
1 0.5551796875 0.8815138888888889 0.0124296875 0.022097222222222223