1 0.203859375 0.6267361111111112 0.015187500000000001 0.01998611111111111
1 0.392578125 0.30945833333333334 0.0098984375 0.021930555555555554
1 0.40234375 0.5217083333333333 0.011328125 0.016805555555555556
1 0.24401562499999999 0.8528611111111111 0.0146171875 0.02061111111111111
1 0.0779453125 0.4878472222222222 0.0230234375 0.021180555555555557
1 0.7490234375 0.5325555555555556 0.016921875 0.020458333333333335
1 0.2302265625 0.21820833333333337 0.014171875 0.020388888888888887
1 0.33471875 0.6111111111111112 0.009859375 0.016027777777777776
1 0.3193359375 0.6202222222222222 0.010132812500000001 0.018361111111111113
1 0.2294921875 0.4587638888888889 0.00996875 0.01938888888888889
1 0.34496875 0.8333333333333334 0.0121953125 0.026694444444444444
1 0.3720703125 0.38845833333333335 0.0173828125 0.025986111111111113
0 0.24340625 0.46615277777777775 0.005890625 0.009208333333333334