1 0.8188515625000001 0.40690277777777784 0.0146171875 0.016805555555555556
1 0.3532734375 0.26887500000000003 0.0095625 0.021430555555555557
1 0.1486796875 0.4900138888888889 0.016984375 0.017194444444444446
1 0.7085 0.5594583333333334 0.02025 0.019680555555555555
1 0.6845703125 0.8003472222222222 0.014453125 0.015791666666666666
1 0.5590859375 0.48177777777777775 0.0159609375 0.029625
0 0.8569375000000001 0.96875 0.004625 0.009958333333333333
1 0.9443359375 0.6410555555555556 0.0198671875 0.019083333333333334
1 0.413578125 0.7148472222222223 0.012234375 0.019083333333333334
1 0.6840859375 0.6345555555555555 0.011328125 0.017319444444444446
1 0.87109375 0.7161527777777777 0.0161015625 0.02359722222222222
1 0.5434609375 0.8255277777777777 0.008640625 0.011666666666666667
1 0.8533671875 0.8970555555555555 0.018515625 0.026694444444444444