1 0.22985937500000003 0.21766666666666667 0.014335937500000001 0.017125
1 0.41332812499999994 0.3585138888888889 0.009453125 0.02297222222222222
1 0.0551171875 0.5277777777777778 0.020023437499999998 0.026583333333333334
1 0.3442421875 0.6410555555555556 0.011734375 0.019305555555555555
1 0.4262734375 0.5195277777777778 0.009929687500000001 0.020694444444444446
1 0.33715625 0.6670972222222222 0.011375 0.018361111111111113
1 0.2228984375 0.4440138888888889 0.0148984375 0.014166666666666666
1 0.21325781250000003 0.859375 0.0145546875 0.01998611111111111
1 0.172484375 0.6432361111111111 0.02071875 0.021180555555555557
1 0.3420390625 0.828125 0.0130703125 0.036625000000000005
1 0.3740234375 0.3869305555555555 0.01634375 0.028152777777777777
0 0.19653125 0.5173611111111112 0.004179687499999999 0.008458333333333333
1 0.73975 0.5512222222222222 0.0160234375 0.022708333333333334