1 0.7281640625 0.5573055555555555 0.0153046875 0.01725
1 0.3967265625 0.2597638888888889 0.009484375 0.024055555555555556
1 0.1547890625 0.48306944444444444 0.0141171875 0.016666666666666666
1 0.8721875000000001 0.8454861111111112 0.0206640625 0.028833333333333336
1 0.8662109375 0.5225694444444444 0.0165859375 0.023333333333333334
1 0.7449296875 0.7705555555555554 0.017203125 0.028180555555555556
1 0.94921875 0.6319444444444444 0.023421875 0.017194444444444446
0 0.841796875 0.9305555555555556 0.005140625 0.009541666666666667
1 0.635859375 0.5045555555555555 0.021109375 0.03283333333333333
1 0.7075234375 0.5928888888888889 0.0127265625 0.020458333333333335
1 0.4868203125 0.6467083333333333 0.011164062499999999 0.02297222222222222
1 0.8491250000000001 0.9444444444444444 0.0179140625 0.035180555555555555
1 0.5865078125000001 0.7919166666666666 0.0101484375 0.019944444444444445