1 0.40103906250000004 0.25277777777777777 0.0104140625 0.024069444444444442
1 0.733890625 0.46744444444444444 0.0171015625 0.029625
1 0.841796875 0.8185833333333333 0.0153046875 0.02297222222222222
1 0.15771875 0.48177777777777775 0.0137421875 0.01976388888888889
1 0.722125 0.5482916666666666 0.013390625 0.017805555555555557
1 0.9467812500000001 0.5611944444444444 0.0205234375 0.02077777777777778
1 0.7778359375 0.6584166666666667 0.0167265625 0.019680555555555555
1 0.64209375 0.7625833333333333 0.0096328125 0.018152777777777778
1 0.5288125 0.5199722222222222 0.0112421875 0.02013888888888889
1 0.702640625 0.5564305555555555 0.01159375 0.018722222222222223
1 0.8501015625000001 0.5486111111111112 0.018125 0.024055555555555556
0 0.759765625 0.5160555555555556 0.0045234375 0.008625
1 0.7876015625 0.92275 0.016984375 0.022194444444444444