1 0.390140625 0.26084722222222223 0.00784375 0.01822222222222222
1 0.734375 0.555125 0.014453125 0.01916666666666667
1 0.1536875 0.48177777777777775 0.015671875 0.021680555555555554
1 0.8662109375 0.5056388888888889 0.0154296875 0.021111111111111112
1 0.7016640625 0.61675 0.0123828125 0.021027777777777777
1 0.94921875 0.63325 0.0218203125 0.01673611111111111
1 0.7384453125 0.7825138888888888 0.014812500000000001 0.017208333333333332
1 0.47339062500000006 0.661625 0.007609375 0.02048611111111111
1 0.5835 0.8146666666666665 0.0067734375 0.01473611111111111
1 0.8832187499999999 0.8305277777777778 0.016835937500000002 0.021722222222222223
1 0.620609375 0.5043472222222222 0.0146171875 0.026375
1 0.8519375 0.9501666666666667 0.018609375 0.03293055555555556
0 0.8452187500000001 0.9322916666666666 0.0053437499999999995 0.010472222222222223