1 0.64453125 0.4201388888888889 0.012773437500000002 0.02786111111111111
1 0.66553125 0.5802916666666667 0.014835937499999998 0.017652777777777778
1 0.66225 0.7208611111111111 0.0133515625 0.01959722222222222
1 0.765140625 0.3524305555555556 0.0173828125 0.020541666666666666
1 0.655765625 0.32855555555555555 0.0122890625 0.025
0 0.4521484375 0.31531944444444443 0.004203125 0.008069444444444443
1 0.837890625 0.5190972222222222 0.020023437499999998 0.02297222222222222
1 0.7197265625 0.6423611111111112 0.011875 0.018791666666666665
1 0.44360156249999994 0.24783333333333332 0.006617187500000001 0.012513888888888889
1 0.607796875 0.8875277777777778 0.0140234375 0.02390277777777778
1 0.5302734375 0.31922222222222224 0.0100546875 0.018583333333333334
1 0.28003125 0.4149305555555556 0.0158984375 0.024055555555555556
1 0.568359375 0.4557361111111111 0.008375 0.01591666666666667