1 0.42578125 0.6280416666666666 0.009671875 0.0185
1 0.3716484375 0.25891666666666663 0.015226562499999999 0.024291666666666663
1 0.509765625 0.2647638888888889 0.010906250000000001 0.025694444444444443
1 0.5600625 0.671875 0.012484375 0.03916666666666667
1 0.5712890625 0.45355555555555555 0.013273437499999999 0.029486111111111112
1 0.46557812500000006 0.44531944444444443 0.009453125 0.026291666666666665
1 0.43774218749999994 0.8554722222222223 0.008984375 0.021847222222222223
1 0.389890625 0.5811666666666666 0.009375 0.018083333333333333
1 0.452640625 0.7695277777777777 0.011875 0.023500000000000004
1 0.44995312500000006 0.5434027777777778 0.0140625 0.027208333333333334
1 0.206796875 0.5575 0.0192578125 0.017902777777777778
1 0.2646484375 0.7274305555555556 0.011328125 0.019680555555555555
0 0.5205078125 0.5030416666666666 0.00428125 0.008861111111111111