1 0.4586796875 0.2500277777777778 0.01775 0.030166666666666665
1 0.4384765625 0.413625 0.0102109375 0.017722222222222223
1 0.4223671875 0.5933194444444444 0.0083125 0.018083333333333333
1 0.5024453125 0.6289027777777778 0.009125 0.021027777777777777
1 0.3664921875 0.3323055555555555 0.0144140625 0.021597222222222223
1 0.5126953125 0.7291666666666666 0.010171875 0.03204166666666667
1 0.536625 0.27344444444444443 0.009929687500000001 0.024055555555555556
1 0.5224609375 0.4722222222222222 0.00784375 0.021180555555555557
1 0.40453906249999994 0.7803888888888889 0.011421875 0.024430555555555556
1 0.562015625 0.5625 0.00796875 0.01615277777777778
0 0.468265625 0.5173611111111112 0.0044843750000000005 0.008222222222222223
1 0.478515625 0.45052777777777775 0.0140625 0.027000000000000003
1 0.6606484375 0.5811666666666666 0.0103671875 0.03791666666666667