1 0.45459375 0.6822916666666666 0.0097421875 0.021027777777777777
1 0.1556171875 0.4849027777777778 0.0165078125 0.02025
1 0.5947265625 0.492625 0.015187500000000001 0.025194444444444446
1 0.583984375 0.8186666666666668 0.01009375 0.018791666666666665
1 0.3806171875 0.26519444444444445 0.0087421875 0.0185
1 0.951171875 0.6362916666666667 0.0237265625 0.017388888888888888
1 0.8588906250000001 0.48133333333333334 0.01578125 0.01938888888888889
1 0.7485390625 0.5568611111111111 0.011554687499999999 0.018722222222222223
1 0.89453125 0.8085972222222223 0.0179140625 0.028055555555555556
1 0.7275390625 0.7981805555555557 0.01815625 0.022805555555555558
1 0.865234375 0.9592083333333333 0.0174375 0.041958333333333334
0 0.8579140625000001 0.9409722222222222 0.005140625 0.008486111111111111
1 0.69678125 0.6484444444444445 0.011203125 0.017069444444444443