1 0.9516640625000001 0.6362916666666667 0.0235625 0.016805555555555556
1 0.378421875 0.26713888888888887 0.011421875 0.022805555555555558
1 0.44750781249999994 0.6901111111111111 0.009234375 0.01801388888888889
1 0.155109375 0.48516666666666663 0.0170390625 0.023208333333333334
1 0.72021875 0.8033888888888889 0.0173046875 0.022708333333333334
1 0.8530312500000001 0.47265277777777776 0.0153046875 0.017
1 0.5791015625 0.8185833333333333 0.01053125 0.01901388888888889
1 0.7492421874999999 0.5604722222222223 0.0217578125 0.019305555555555555
1 0.69921875 0.6475694444444444 0.010859375000000001 0.01634722222222222
1 0.8950234375000001 0.796875 0.0161015625 0.030083333333333333
1 0.587890625 0.48915277777777777 0.015078125000000001 0.023333333333333334
0 0.8583984375 0.9418472222222222 0.0048125 0.009569444444444445
1 0.8696328125000001 0.9652777777777778 0.01525 0.028055555555555556