1 0.5668984375 0.2517361111111111 0.012828125000000001 0.026694444444444444
0 0.50146875 0.6037361111111111 0.0040390625 0.008013888888888888
1 0.44702343750000006 0.3684861111111111 0.008640625 0.020458333333333335
1 0.515140625 0.6549444444444444 0.010609375 0.022875
1 0.42758593749999996 0.7966805555555556 0.010906250000000001 0.02001388888888889
1 0.7098046874999999 0.5992083333333333 0.0169453125 0.02356944444444444
1 0.5458984375 0.44336111111111115 0.00996875 0.021513888888888888
1 0.44262499999999994 0.5876805555555555 0.0088828125 0.021680555555555554
1 0.5864296875 0.5377638888888889 0.011875 0.020458333333333335
1 0.396484375 0.34591666666666665 0.01103125 0.023416666666666665
1 0.4578203125 0.24988888888888888 0.0154296875 0.021541666666666667
1 0.50928125 0.7283055555555555 0.00978125 0.020541666666666666
1 0.47680468749999994 0.453125 0.0145546875 0.027944444444444445