1 0.3798828125 0.6914027777777778 0.01103125 0.02126388888888889
1 0.45629687499999994 0.6814305555555555 0.0081875 0.02359722222222222
1 0.2118515625 0.42820833333333336 0.0179921875 0.017611111111111112
1 0.468265625 0.319875 0.0088828125 0.026583333333333334
1 0.41430468749999994 0.8463611111111111 0.011960937500000001 0.030541666666666665
1 0.5068359375 0.49695833333333334 0.0120078125 0.02077777777777778
1 0.053890625000000004 0.5512222222222222 0.01621875 0.01938888888888889
1 0.41577343750000006 0.31793055555555555 0.0154296875 0.029625
1 0.179078125 0.8059861111111111 0.01615625 0.020944444444444446
1 0.7895546875 0.5355972222222222 0.018125 0.02227777777777778
1 0.23178125 0.22004166666666666 0.0159765625 0.024375
1 0.1429453125 0.5746527777777778 0.014734375 0.018430555555555554
0 0.1381875 0.5894166666666667 0.0051171875 0.009347222222222222