1 0.2497578125 0.44054166666666666 0.0185390625 0.021513888888888888
1 0.4399453125 0.25304166666666666 0.009125 0.02423611111111111
1 0.794921875 0.3769583333333334 0.01678125 0.023875
1 0.6875 0.43272222222222223 0.012921875 0.028375
1 0.8657265625000001 0.54775 0.0177734375 0.021597222222222223
1 0.757328125 0.6575555555555556 0.0191171875 0.022194444444444444
1 0.6904296875 0.5963611111111111 0.0159609375 0.025194444444444446
1 0.647953125 0.8932361111111111 0.012968750000000001 0.024055555555555556
1 0.6840859375 0.362625 0.013023437500000002 0.02201388888888889
1 0.6762734375 0.7391527777777779 0.01178125 0.017319444444444446
1 0.5988359375 0.43516666666666665 0.01165625 0.022236111111111113
1 0.5634765625 0.32943055555555556 0.0177734375 0.034722222222222224
0 0.5571328125 0.33876388888888886 0.0046640625 0.007263888888888889