1 0.1364765625 0.5415555555555556 0.0198359375 0.02363888888888889
1 0.5258828125 0.20508333333333334 0.0087421875 0.026694444444444444
1 0.593265625 0.688375 0.0103671875 0.02201388888888889
1 0.42334375 0.6111111111111112 0.0102109375 0.01998611111111111
1 0.6001015625 0.37044444444444447 0.010132812500000001 0.025194444444444446
1 0.42309374999999994 0.7513055555555557 0.011640625 0.02315277777777778
1 0.2580546875 0.7217916666666667 0.0148984375 0.03159722222222222
1 0.396484375 0.5460138888888889 0.009335937499999999 0.016291666666666666
1 0.48901562500000006 0.7578194444444445 0.0094140625 0.030083333333333333
1 0.4814453125 0.49045833333333333 0.0121953125 0.028722222222222222
0 0.378421875 0.18380555555555556 0.0044843750000000005 0.008930555555555554
1 0.3671875 0.1512638888888889 0.009296875 0.01615277777777778
1 0.43383593749999994 0.40320833333333334 0.0077578125 0.017458333333333333