1 0.46410937499999994 0.8381111111111111 0.011828125 0.025694444444444443
1 0.5669375 0.6380277777777777 0.012015625 0.026805555555555558
1 0.5200234375 0.7074722222222222 0.0094140625 0.02773611111111111
1 0.396203125 0.3518055555555556 0.013046875 0.024833333333333332
1 0.4541015625 0.25455555555555553 0.00978125 0.02201388888888889
1 0.7529609374999999 0.5631944444444444 0.015632812500000003 0.02375
1 0.623046875 0.26693055555555556 0.012921875 0.02826388888888889
1 0.634671875 0.5321944444444444 0.014093749999999999 0.01801388888888889
1 0.48587499999999995 0.32331944444444444 0.01040625 0.018055555555555554
1 0.44457812499999994 0.5555555555555556 0.01009375 0.020388888888888887
1 0.48022656250000006 0.40191666666666664 0.013484375000000002 0.027000000000000003
1 0.4848671875 0.4557361111111111 0.0138984375 0.027430555555555555
0 0.558109375 0.6458333333333334 0.005140625 0.008194444444444445