1 0.6694375 0.57075 0.0100546875 0.017597222222222222
1 0.495609375 0.18869444444444447 0.014734375 0.02752777777777778
1 0.5859375 0.8888888888888888 0.014835937499999998 0.029055555555555557
1 0.2580546875 0.3684861111111111 0.015187500000000001 0.028944444444444443
1 0.21447656249999997 0.18934722222222225 0.010171875 0.01673611111111111
1 0.382328125 0.8537361111111111 0.011164062499999999 0.03173611111111111
1 0.609375 0.231125 0.010609375 0.025986111111111113
1 0.48266406249999994 0.4461805555555556 0.0138984375 0.036208333333333335
1 0.81640625 0.5651111111111111 0.017640625 0.023333333333333334
1 0.45629687499999994 0.6896666666666667 0.011328125 0.018083333333333333
1 0.63428125 0.7643194444444443 0.0135859375 0.034125
1 0.0831328125 0.49695833333333334 0.0199453125 0.021027777777777777
0 0.585453125 0.8246527777777778 0.004179687499999999 0.009722222222222222