1 0.710453125 0.5603333333333333 0.01159375 0.020541666666666666
1 0.8525390625 0.5685833333333333 0.01678125 0.018430555555555554
1 0.6123046875 0.7569444444444444 0.010328125 0.021597222222222223
1 0.512203125 0.5719861111111111 0.0108203125 0.025249999999999998
0 0.7966562500000001 0.6933194444444445 0.004796875 0.008861111111111111
1 0.389890625 0.2378472222222222 0.0090546875 0.01822222222222222
1 0.1578359375 0.48394444444444445 0.0154296875 0.019680555555555555
1 0.778765625 0.6937222222222222 0.021124999999999998 0.021569444444444443
1 0.6884765625 0.48306944444444444 0.01615625 0.025
1 0.8271484375 0.9376666666666666 0.0158984375 0.021319444444444443
1 0.8428828125000001 0.8827916666666666 0.0176484375 0.02770833333333333
1 0.9521484375 0.6111111111111112 0.018984375 0.044
1 0.7188749999999999 0.5516666666666666 0.01046875 0.01275