1 0.1525859375 0.4869861111111111 0.0204921875 0.017527777777777778
1 0.5603125 0.8261666666666667 0.0121875 0.01970833333333333
1 0.362546875 0.26713888888888887 0.00803125 0.019680555555555555
1 0.42651562500000006 0.7065972222222222 0.008953125000000001 0.016666666666666666
1 0.5703125 0.484375 0.015484375 0.025486111111111112
1 0.9477578125000001 0.6349861111111111 0.022109375 0.018361111111111113
1 0.8374062500000001 0.43793055555555555 0.0135859375 0.014777777777777779
1 0.694828125 0.6475694444444444 0.013375000000000001 0.019916666666666666
1 0.6977578125 0.8051250000000001 0.01834375 0.024333333333333332
1 0.7337578125 0.5599583333333333 0.012773437500000002 0.014569444444444444
1 0.88671875 0.7552083333333334 0.016523437499999998 0.025875
1 0.8686562500000001 0.9496527777777778 0.020796875 0.020069444444444442
0 0.8603515625 0.9479166666666666 0.0059140625 0.009180555555555556