1 0.3765703125 0.3859027777777778 0.01859375 0.02727777777777778
1 0.24596874999999999 0.6519166666666667 0.01578125 0.030083333333333333
1 0.2359921875 0.22469444444444445 0.014070312500000001 0.02661111111111111
1 0.391359375 0.5273472222222222 0.012234375 0.03266666666666666
1 0.2626953125 0.8502638888888889 0.014953125000000001 0.024527777777777777
1 0.275796875 0.46108333333333335 0.0127265625 0.01626388888888889
1 0.3278828125 0.5677083333333334 0.0130703125 0.02538888888888889
1 0.354984375 0.8172777777777779 0.012234375 0.03090277777777778
1 0.7509765625 0.5269166666666667 0.0153671875 0.043152777777777776
1 0.3318515625 0.5996250000000001 0.0147578125 0.018416666666666668
1 0.095078125 0.46908333333333335 0.022890625 0.01948611111111111
1 0.3779296875 0.27973611111111113 0.009296875 0.016027777777777776
0 0.2832578125 0.47554166666666664 0.006734374999999999 0.009013888888888889