1 0.708984375 0.5564305555555555 0.01353125 0.01573611111111111
1 0.3930703125 0.24609722222222222 0.011734375 0.025
1 0.1558828125 0.4826388888888889 0.0134296875 0.017944444444444443
1 0.6259765625 0.7599861111111111 0.0124296875 0.021597222222222223
1 0.784671875 0.6640694444444445 0.0138984375 0.023416666666666665
0 0.7724609375 0.579 0.0040078125 0.007694444444444445
1 0.8413125000000001 0.8394166666666667 0.015671875 0.029375
1 0.8046875 0.9262222222222222 0.013218750000000001 0.022625
1 0.9462890625 0.578125 0.0217734375 0.020541666666666666
1 0.8515625 0.5603333333333333 0.0158359375 0.022097222222222223
1 0.519046875 0.5412361111111111 0.007640625 0.021680555555555554
1 0.709796875 0.47091666666666665 0.020429687499999998 0.02459722222222222
1 0.718234375 0.5518055555555555 0.0085625 0.013944444444444443