1 0.83984375 0.7829861111111112 0.01628125 0.022708333333333334
1 0.7646484375 0.9210138888888889 0.013632812499999999 0.022625
1 0.6845703125 0.5438333333333334 0.013023437500000002 0.017722222222222223
1 0.66015625 0.7599861111111111 0.011960937500000001 0.02323611111111111
1 0.769046875 0.6410555555555556 0.018296875 0.019083333333333334
1 0.8530312500000001 0.5086805555555556 0.0159609375 0.016527777777777777
1 0.9399453125000001 0.5390694444444445 0.0211640625 0.025
1 0.7251015625 0.5277777777777778 0.009234375 0.015541666666666665
1 0.4072265625 0.24675 0.010734375 0.02297222222222222
1 0.1695546875 0.4869861111111111 0.0122890625 0.015611111111111112
0 0.7294921875 0.461375 0.0039296875 0.007944444444444445
1 0.7470703125 0.4587638888888889 0.02153125 0.029486111111111112
1 0.5376015625 0.48177777777777775 0.007640625 0.013888888888888888