1 0.6381875 0.3263888888888889 0.0120078125 0.02201388888888889
1 0.65625 0.5768194444444444 0.013273437499999999 0.018152777777777778
1 0.69921875 0.6497361111111111 0.013218750000000001 0.027208333333333334
1 0.647953125 0.7096388888888889 0.0106953125 0.017
1 0.6215859375 0.42056944444444444 0.0138984375 0.029736111111111112
1 0.5234375 0.31466666666666665 0.011960937500000001 0.030763888888888886
1 0.8266640625000001 0.5021666666666667 0.018375 0.026194444444444444
1 0.585453125 0.8897638888888889 0.011734375 0.020541666666666666
0 0.390625 0.296875 0.0039921875 0.008291666666666666
1 0.7529296875 0.3524305555555556 0.0127265625 0.021847222222222223
1 0.5546875 0.46875 0.0087109375 0.019680555555555555
1 0.4375 0.24695833333333334 0.0065859375 0.012611111111111111
1 0.2919921875 0.37087499999999995 0.013375000000000001 0.028486111111111115