1 0.7094765625 0.5572916666666666 0.01178125 0.019916666666666666
1 0.8520546875000001 0.5685833333333333 0.016984375 0.019305555555555555
1 0.6176796875 0.7534722222222222 0.011328125 0.018083333333333333
0 0.787109375 0.6436666666666666 0.004265625 0.00836111111111111
1 0.1572265625 0.48394444444444445 0.0158984375 0.019458333333333334
1 0.8168984375000001 0.9340277777777778 0.01634375 0.027625
1 0.5141640625 0.5625 0.0087421875 0.01622222222222222
1 0.9521484375 0.5972222222222222 0.0186171875 0.03159722222222222
1 0.388671875 0.2385 0.0087421875 0.01513888888888889
1 0.6977578125 0.4791666666666667 0.0151328125 0.025986111111111113
1 0.78515625 0.680125 0.012828125000000001 0.021430555555555557
1 0.84121875 0.8638611111111112 0.0146796875 0.03152777777777778
1 0.7180156249999999 0.5516527777777778 0.012507812500000002 0.013875