1 0.5805703125 0.6714444444444444 0.0155390625 0.021111111111111112
1 0.533203125 0.5234444444444445 0.01428125 0.021430555555555557
0 0.7236328125 0.48788888888888887 0.0050234375 0.009375
1 0.2966328125 0.2662777777777778 0.011734375 0.020541666666666666
1 0.1261015625 0.47352777777777777 0.0120546875 0.017069444444444443
1 0.341796875 0.765625 0.010453125 0.019458333333333334
1 0.48022656250000006 0.461375 0.013125000000000001 0.025875
1 0.6083984375 0.7583333333333333 0.015015625 0.022708333333333334
1 0.620609375 0.30816666666666664 0.012828125000000001 0.026083333333333333
1 0.7431640625 0.4318611111111111 0.0102109375 0.027944444444444445
1 0.7085 0.6566805555555556 0.0178515625 0.026083333333333333
1 0.469609375 0.8183194444444445 0.014171875 0.024444444444444446
1 0.8685859375 0.5191805555555555 0.0197265625 0.02861111111111111