1 0.666015625 0.4268611111111111 0.01571875 0.029263888888888888
1 0.67334375 0.34049999999999997 0.014734375 0.021027777777777777
1 0.8505859375 0.5381944444444444 0.0229375 0.023333333333333334
1 0.7421875 0.6427916666666667 0.013375000000000001 0.01916666666666667
1 0.78125 0.36068055555555556 0.01525 0.017388888888888888
1 0.6708984375 0.7317777777777777 0.009523437499999999 0.018791666666666665
1 0.58203125 0.4479166666666667 0.012671874999999999 0.022097222222222223
1 0.2642890625 0.43254166666666666 0.0160234375 0.021597222222222223
1 0.6793125 0.586875 0.0153828125 0.018097222222222223
1 0.5482109375 0.33068055555555553 0.010203125 0.02363888888888889
1 0.4427578125 0.24954166666666666 0.008671874999999999 0.021583333333333333
1 0.6274453125 0.8884583333333335 0.0151328125 0.017069444444444443
0 0.537109375 0.33420833333333333 0.00446875 0.008486111111111111