1 0.71040625 0.5547916666666667 0.014710937499999998 0.011597222222222222
1 0.7214140625 0.5548472222222223 0.009703125 0.011027777777777779
1 0.599125 0.7578194444444445 0.0098984375 0.024430555555555556
1 0.8583984375 0.5564305555555555 0.0165859375 0.02022222222222222
1 0.6689453125 0.49522222222222223 0.016984375 0.028833333333333336
1 0.501953125 0.6072083333333333 0.0087421875 0.01961111111111111
0 0.830890625 0.8552222222222222 0.0047734375 0.008097222222222223
1 0.8578203125 0.8958333333333334 0.016468749999999997 0.028152777777777777
1 0.7602578125 0.7439305555555555 0.015078125000000001 0.02538888888888889
1 0.8481484375000001 0.9427083333333334 0.013328125 0.024527777777777777
1 0.9487343750000001 0.632375 0.021625 0.016930555555555556
1 0.1578359375 0.48568055555555556 0.0171796875 0.01822222222222222
1 0.3918203125 0.24666666666666665 0.0109296875 0.021208333333333333