1 0.1258515625 0.47656944444444443 0.013484375000000002 0.017791666666666667
1 0.3037109375 0.2673611111111111 0.0102109375 0.019083333333333334
1 0.3478984375 0.7543472222222222 0.009015625 0.015666666666666666
1 0.49047656249999994 0.461375 0.012531249999999999 0.025986111111111113
1 0.5576171875 0.5316805555555556 0.0102890625 0.01801388888888889
1 0.745609375 0.6054722222222222 0.011828125 0.025986111111111113
1 0.6083984375 0.6514722222222222 0.01621875 0.024527777777777777
1 0.615234375 0.7729999999999999 0.0147890625 0.03572222222222222
1 0.751953125 0.4631111111111111 0.0183984375 0.02786111111111111
0 0.7373046875 0.4930555555555556 0.0043984375 0.010305555555555556
1 0.8803750000000001 0.5399305555555556 0.012773437500000002 0.02538888888888889
1 0.654296875 0.3190138888888889 0.0153046875 0.026486111111111113
1 0.4794921875 0.8194444444444444 0.01353125 0.01648611111111111