1 0.560546875 0.8806388888888889 0.00784375 0.028486111111111115
1 0.8046875 0.5659722222222222 0.0153046875 0.030083333333333333
1 0.6040078125 0.26193055555555556 0.01178125 0.022875
1 0.0843515625 0.50825 0.019375 0.021430555555555557
1 0.2197265625 0.20616666666666666 0.0146171875 0.033930555555555554
1 0.3657265625 0.8515694444444445 0.0121015625 0.020541666666666666
1 0.66015625 0.5651111111111111 0.010132812500000001 0.017875
1 0.2583046875 0.38672222222222224 0.014499999999999999 0.021027777777777777
1 0.4965859375 0.2058333333333333 0.0135859375 0.028944444444444443
1 0.626953125 0.7630277777777777 0.01009375 0.025583333333333336
1 0.44507031250000006 0.6814305555555555 0.008640625 0.017527777777777778
1 0.47729687500000006 0.41731944444444447 0.00784375 0.01615277777777778
0 0.546390625 0.8515694444444445 0.004609375000000001 0.0095