1 0.525390625 0.20258333333333337 0.008921875 0.029166666666666667
1 0.3955078125 0.5429722222222222 0.0094140625 0.016416666666666666
1 0.42260937500000006 0.7486944444444443 0.011828125 0.028944444444444443
1 0.5922890625 0.6857638888888888 0.0108203125 0.021847222222222223
1 0.48706250000000006 0.7539027777777777 0.009335937499999999 0.021111111111111112
1 0.5987421875 0.3660972222222222 0.0122265625 0.024555555555555556
1 0.421875 0.6076388888888888 0.01009375 0.018791666666666665
1 0.48071093749999994 0.48827777777777776 0.012773437500000002 0.029944444444444444
1 0.4335859375 0.3980694444444445 0.011203125 0.018069444444444444
1 0.1329375 0.5364583333333334 0.016523437499999998 0.02077777777777778
1 0.2583046875 0.7230972222222222 0.0153671875 0.041958333333333334
1 0.372 0.15761111111111112 0.0121953125 0.02663888888888889
0 0.377375 0.18045833333333333 0.006 0.011777777777777778