1 0.362546875 0.2673611111111111 0.0120546875 0.023972222222222225
1 0.8344765625000001 0.4340277777777778 0.016843749999999998 0.018361111111111113
1 0.425296875 0.7126805555555555 0.0123828125 0.023416666666666665
1 0.73046875 0.5594583333333334 0.013375000000000001 0.02086111111111111
1 0.568359375 0.48480555555555555 0.014499999999999999 0.025777777777777774
1 0.5571328125 0.8246527777777778 0.0072343749999999995 0.013680555555555555
1 0.947265625 0.6345555555555555 0.020796875 0.020069444444444442
1 0.15234375 0.48741666666666666 0.0199140625 0.018291666666666668
1 0.6953125 0.8068611111111111 0.0171796875 0.030194444444444444
1 0.6938515625 0.6462638888888889 0.0123828125 0.01822222222222222
1 0.869140625 0.9453194444444445 0.019453124999999998 0.021847222222222223
0 0.8598671875000001 0.9496527777777778 0.0053671875 0.008861111111111111
1 0.8852578125000001 0.7569444444444444 0.013328125 0.01622222222222222