1 0.8530312500000001 0.5629305555555556 0.01771875 0.020388888888888887
1 0.603515625 0.7552083333333334 0.011875 0.017875
1 0.8486328125 0.9001805555555555 0.0192734375 0.030541666666666665
1 0.39184375 0.24219444444444443 0.010328125 0.026805555555555558
1 0.156859375 0.4826388888888889 0.014671875000000001 0.019083333333333334
1 0.8369140625 0.9401111111111111 0.015078125000000001 0.022527777777777775
0 0.8090859375000001 0.7595555555555555 0.004265625 0.009027777777777777
1 0.9497109375000001 0.632375 0.02284375 0.022625
1 0.7700234375 0.7213611111111111 0.0179140625 0.020069444444444442
1 0.5068359375 0.5915555555555556 0.0120078125 0.02479166666666667
1 0.6796875 0.48915277777777777 0.0165859375 0.026694444444444444
1 0.71875 0.5538194444444444 0.008125 0.01113888888888889
1 0.71046875 0.5547083333333334 0.013171875 0.012319444444444444