1 0.61865625 0.17502777777777778 0.0109453125 0.023416666666666665
1 0.439453125 0.6493055555555556 0.0084453125 0.019916666666666666
1 0.09912499999999999 0.48480555555555555 0.0183984375 0.02077777777777778
1 0.8250234375 0.5209166666666667 0.0202109375 0.02775
0 0.47365625 0.5339583333333333 0.00453125 0.00976388888888889
1 0.48510937500000006 0.1622222222222222 0.015078125000000001 0.034402777777777775
1 0.705078125 0.7148472222222223 0.0125703125 0.028486111111111115
1 0.40698437500000006 0.8736944444444443 0.01103125 0.02731944444444445
1 0.687921875 0.5614305555555555 0.012992187499999999 0.029750000000000002
1 0.4751875 0.5180277777777778 0.009984375 0.013652777777777778
1 0.60303125 0.8385416666666666 0.009125 0.025777777777777774
1 0.27214062499999997 0.22101388888888887 0.0116484375 0.013652777777777778
1 0.21008593750000001 0.14756944444444445 0.013273437499999999 0.024527777777777777