1 0.6494140625 0.5052083333333334 0.01871875 0.03748611111111111
1 0.7255859375 0.5590277777777778 0.012828125000000001 0.01865277777777778
1 0.49292187500000006 0.6293472222222222 0.012234375 0.022708333333333334
1 0.7504921875 0.7595555555555555 0.0171796875 0.02359722222222222
1 0.9487343750000001 0.6319444444444444 0.023070312500000002 0.017791666666666667
1 0.8642578125 0.5364583333333334 0.0177734375 0.024055555555555556
1 0.7133828125 0.5703194444444445 0.010906250000000001 0.025097222222222222
0 0.841796875 0.9296944444444445 0.00490625 0.01188888888888889
1 0.39721875 0.25455555555555553 0.0098984375 0.02013888888888889
1 0.1551484375 0.48568055555555556 0.0136875 0.017388888888888888
1 0.8706093750000001 0.8645833333333334 0.01678125 0.034208333333333334
1 0.8491250000000001 0.9435833333333333 0.01809375 0.036972222222222226
1 0.5927734375 0.7773472222222223 0.0049609375 0.011055555555555556