1 0.2649375 0.29355555555555557 0.0156953125 0.026680555555555558
1 0.2039453125 0.15534722222222222 0.021875 0.03026388888888889
1 0.09078125000000001 0.4868333333333333 0.0240625 0.024819444444444446
1 0.4408984375 0.6448611111111111 0.0109375 0.018333333333333333
1 0.3898125 0.8683055555555554 0.016859375 0.027388888888888886
1 0.6000625 0.885 0.012742187499999998 0.034708333333333334
1 0.7098828125 0.7220833333333333 0.016984375 0.030027777777777778
1 0.8285859375 0.5229722222222223 0.0243203125 0.02847222222222222
1 0.6791953125 0.5616388888888889 0.012742187499999998 0.026208333333333333
1 0.4772421875 0.5266666666666666 0.010296875 0.03173611111111111
1 0.6189765625 0.17331944444444444 0.0150546875 0.029138888888888888
1 0.485546875 0.15593055555555554 0.016859375 0.027305555555555555
0 0.47047656250000003 0.5482083333333333 0.0045859375 0.009583333333333334