1 0.029648437500000003 0.5815972222222222 0.021328125 0.03740277777777778
1 0.1726875 0.8456527777777778 0.017515625 0.022958333333333334
1 0.38428125 0.34331944444444445 0.0140625 0.029166666666666667
1 0.22936718749999999 0.2189722222222222 0.012148437500000001 0.017458333333333333
1 0.08740624999999999 0.6731805555555556 0.01353125 0.01938888888888889
1 0.343265625 0.657125 0.0158984375 0.02175
1 0.186890625 0.43533333333333335 0.01103125 0.014555555555555556
1 0.41821093749999994 0.6675416666666667 0.01009375 0.02086111111111111
1 0.7446328125 0.5342916666666666 0.019453124999999998 0.022347222222222223
1 0.3674296875 0.8164027777777777 0.00809375 0.017
1 0.43042187500000006 0.3556805555555555 0.010609375 0.025486111111111112
1 0.45678906250000006 0.5043472222222222 0.0081875 0.0185
0 0.0952265625 0.6757777777777778 0.0056328125 0.008263888888888888