1 0.606625 0.32156944444444446 0.0116484375 0.01838888888888889
1 0.5263671875 0.4791666666666667 0.010132812500000001 0.016027777777777776
1 0.663578125 0.6519166666666667 0.01053125 0.02175
1 0.61865625 0.7092083333333333 0.00815625 0.01916666666666667
1 0.43745312500000005 0.234125 0.0074921875 0.020791666666666667
1 0.6547890625 0.5776944444444444 0.012484375 0.020944444444444446
1 0.8076171875 0.46744444444444444 0.0164609375 0.019916666666666666
0 0.3161640625 0.2747361111111111 0.0043671874999999995 0.009180555555555556
1 0.55225 0.8836805555555556 0.011375 0.02423611111111111
1 0.5029296875 0.285375 0.0071484375 0.021430555555555557
1 0.7220625 0.3288611111111111 0.016718749999999998 0.02098611111111111
1 0.5830078125 0.4127638888888889 0.012867187499999998 0.024527777777777777
1 0.31818749999999996 0.2584722222222222 0.0120546875 0.019027777777777775