1 0.5087890625 0.3118472222222222 0.0115078125 0.024333333333333332
1 0.42890625 0.5218472222222222 0.0117265625 0.01916666666666667
1 0.40453906249999994 0.34049999999999997 0.010249999999999999 0.02227777777777778
1 0.49585156250000006 0.3977916666666667 0.013632812499999999 0.030763888888888886
1 0.5376015625 0.7071805555555556 0.01178125 0.019375
1 0.44604687500000006 0.24783333333333332 0.009015625 0.015541666666666665
1 0.41363281250000006 0.43454166666666666 0.018484375 0.026430555555555558
1 0.6469765625 0.5512222222222222 0.014390625 0.023333333333333334
1 0.48315625000000006 0.8545972222222221 0.012625 0.02305555555555556
1 0.7602578125 0.5329861111111112 0.016921875 0.02315277777777778
1 0.6337890625 0.2484861111111111 0.01009375 0.027000000000000003
1 0.5797421875000001 0.6300138888888889 0.01178125 0.017694444444444443
0 0.4167109375 0.4532083333333333 0.00496875 0.009708333333333334