1 0.229734375 0.21983333333333333 0.0136875 0.02077777777777778
1 0.3654765625 0.6736111111111112 0.0125703125 0.018722222222222223
1 0.43896875 0.5173611111111112 0.010781250000000001 0.018583333333333334
1 0.15524218750000002 0.6647361111111111 0.0187734375 0.021527777777777778
1 0.1994609375 0.8624166666666667 0.01621875 0.02323611111111111
1 0.0438515625 0.5416666666666666 0.022890625 0.020069444444444442
0 0.1682109375 0.6341111111111111 0.0047578125 0.008680555555555556
1 0.33740625 0.6423611111111112 0.01178125 0.01961111111111111
1 0.224609375 0.453125 0.0173828125 0.02297222222222222
1 0.3752421875 0.37434722222222216 0.016984375 0.02731944444444445
1 0.4184609375 0.37066666666666664 0.0102109375 0.01901388888888889
1 0.729984375 0.5503472222222222 0.014734375 0.021347222222222222
1 0.3472578125 0.8164027777777777 0.01365625 0.017069444444444443