1 0.3906171875 0.3265 0.0182421875 0.03386111111111111
1 0.44262499999999994 0.33268055555555553 0.009375 0.02711111111111111
1 0.47524218749999997 0.5018888888888889 0.016078125 0.018416666666666668
1 0.1903046875 0.4202638888888889 0.01525 0.0225
1 0.0872109375 0.6252361111111111 0.018914062500000002 0.029458333333333333
1 0.356203125 0.6699999999999999 0.011289062499999999 0.021513888888888888
1 0.4318046875 0.6650972222222222 0.0134375 0.01575
1 0.7578125 0.5329861111111112 0.01578125 0.02297222222222222
1 0.3869609375 0.8233472222222221 0.0103671875 0.019458333333333334
1 0.1610078125 0.8307361111111111 0.015601562499999999 0.022805555555555558
1 0.230421875 0.22022222222222224 0.015328125000000001 0.021958333333333333
1 0.0345625 0.5714722222222222 0.022484375 0.021694444444444443