1 0.4106484375 0.24913888888888888 0.0071484375 0.017458333333333333
1 0.6767578125 0.5355972222222222 0.01040625 0.02061111111111111
1 0.7607421875 0.6384583333333333 0.018765625 0.02423611111111111
1 0.5415078125 0.46268055555555554 0.010609375 0.01916666666666667
1 0.6678124999999999 0.7555277777777778 0.012890625 0.018458333333333334
1 0.720703125 0.5125833333333334 0.013328125 0.023333333333333334
1 0.744140625 0.4618055555555556 0.012625 0.028375
1 0.749515625 0.9201388888888888 0.013171875 0.023875
1 0.1708984375 0.4869861111111111 0.0159609375 0.01901388888888889
1 0.8413125000000001 0.7638888888888888 0.0082578125 0.011666666666666667
1 0.9321328125000001 0.5442777777777777 0.02071875 0.033416666666666664
0 0.706546875 0.4600694444444444 0.0039453125 0.008013888888888888
1 0.852546875 0.4910972222222222 0.020617187500000002 0.027000000000000003