1 0.5771484375 0.7235277777777779 0.011203125 0.029166666666666667
1 0.519046875 0.40581944444444445 0.0136875 0.027000000000000003
1 0.4672890625 0.49609722222222224 0.012828125000000001 0.02126388888888889
1 0.6015625 0.6532083333333334 0.0148984375 0.021513888888888888
1 0.65771875 0.5759583333333333 0.0165859375 0.01961111111111111
1 0.7758828125 0.48306944444444444 0.0198671875 0.02423611111111111
1 0.54478125 0.31904166666666667 0.0133515625 0.019055555555555555
1 0.4375 0.231125 0.0087109375 0.01311111111111111
1 0.5139921875 0.8739722222222223 0.009 0.01948611111111111
1 0.6684609375 0.27865277777777775 0.0106953125 0.020694444444444446
1 0.4462890625 0.3274722222222222 0.010781250000000001 0.022527777777777775
1 0.3189609375 0.35484722222222226 0.0107578125 0.01998611111111111
0 0.32946875000000003 0.37454166666666666 0.004546875000000001 0.007944444444444445