1 0.45453124999999994 0.23079166666666664 0.012375 0.030638888888888886
1 0.4038125 0.444875 0.009820312500000001 0.019305555555555555
1 0.307375 0.3461388888888889 0.0102890625 0.016027777777777776
1 0.6103515625 0.5351527777777778 0.01103125 0.021513888888888888
1 0.522953125 0.49522222222222223 0.00790625 0.020305555555555556
1 0.451171875 0.4774305555555556 0.015187500000000001 0.026694444444444444
1 0.46313281249999994 0.6306388888888889 0.00834375 0.01984722222222222
1 0.45092968750000006 0.7152777777777778 0.009484375 0.014680555555555556
1 0.3200703125 0.617625 0.011828125 0.01634722222222222
1 0.48754687499999994 0.282125 0.0087421875 0.01998611111111111
1 0.3766484375 0.7197361111111111 0.010921875000000001 0.02375
1 0.38244531249999997 0.5626111111111111 0.0128359375 0.020027777777777776
0 0.3464375 0.5464444444444444 0.004203125 0.008749999999999999