1 0.329171875 0.7956111111111112 0.01428125 0.02077777777777778
1 0.4462890625 0.8302916666666665 0.0087109375 0.018291666666666668
1 0.533203125 0.7252638888888889 0.012671874999999999 0.026583333333333334
1 0.49340624999999994 0.5217083333333333 0.0147890625 0.021513888888888888
1 0.629578125 0.6869027777777778 0.0160859375 0.02408333333333333
1 0.5825234375 0.7625833333333333 0.010906250000000001 0.021347222222222222
1 0.125609375 0.4739583333333333 0.014499999999999999 0.021180555555555557
1 0.45581250000000006 0.461375 0.0121953125 0.026291666666666665
0 0.67725 0.5151944444444444 0.0036953125000000002 0.006319444444444444
1 0.6826171875 0.43272222222222223 0.010609375 0.017263888888888888
1 0.8461953125000001 0.5681388888888889 0.015078125000000001 0.03113888888888889
1 0.28446875 0.2704722222222222 0.0152890625 0.02398611111111111
1 0.552734375 0.2899305555555556 0.01525 0.024055555555555556