1 0.5654296875 0.3101111111111111 0.008515625 0.020458333333333335
1 0.4892265625 0.4824583333333333 0.011289062499999999 0.019569444444444445
1 0.6210390625 0.6475138888888888 0.0125703125 0.02288888888888889
1 0.58984375 0.7165833333333335 0.0110703125 0.021680555555555554
1 0.2961953125 0.29018055555555555 0.0103828125 0.01916666666666667
1 0.6865234375 0.2916666666666667 0.0135859375 0.022805555555555558
1 0.529296875 0.8802083333333334 0.0087421875 0.024902777777777777
1 0.4360390625 0.2287361111111111 0.0084453125 0.01961111111111111
1 0.78515625 0.45920833333333333 0.0177734375 0.022347222222222223
1 0.466640625 0.3072777777777778 0.0093828125 0.02609722222222222
1 0.5393046874999999 0.4020694444444445 0.013617187499999999 0.028680555555555553
1 0.6553671875 0.5736388888888888 0.0148046875 0.017652777777777778
0 0.303328125 0.30445833333333333 0.004578125000000001 0.008888888888888889