1 0.437015625 0.2497777777777778 0.009601562499999999 0.03040277777777778
1 0.8017578125 0.38629166666666664 0.0190859375 0.023972222222222225
1 0.7685546875 0.6605972222222222 0.018125 0.02315277777777778
1 0.68896875 0.38758333333333334 0.0115078125 0.022444444444444444
1 0.6982421875 0.4283888888888889 0.013796875 0.027625
1 0.6586953125 0.8888888888888888 0.0137421875 0.01886111111111111
1 0.23522656249999999 0.45052777777777775 0.0160234375 0.024333333333333332
1 0.697265625 0.6028611111111111 0.017640625 0.018722222222222223
1 0.5654296875 0.33181944444444444 0.008578125 0.028055555555555556
1 0.6762734375 0.7382777777777777 0.012234375 0.01659722222222222
1 0.8725625000000001 0.5516527777777778 0.018234375 0.023416666666666665
1 0.611328125 0.4357638888888889 0.0115078125 0.017069444444444443
0 0.6932421875 0.38131944444444443 0.003203125 0.006527777777777778