1 0.4260390625 0.31505555555555553 0.018921874999999998 0.03202777777777777
1 0.1702890625 0.5677083333333334 0.01953125 0.024805555555555556
1 0.3872109375 0.7070277777777778 0.012625 0.03754166666666667
1 0.0675625 0.5577222222222222 0.0210859375 0.02690277777777778
1 0.515703125 0.4947638888888889 0.0146171875 0.021166666666666667
1 0.21945312499999997 0.4315277777777778 0.016843749999999998 0.015041666666666667
1 0.8013515625000001 0.5394166666666667 0.0231796875 0.02448611111111111
1 0.48071093749999994 0.3263888888888889 0.0115078125 0.020944444444444446
1 0.466796875 0.6935833333333333 0.0091640625 0.025694444444444443
1 0.42642187500000006 0.8581944444444444 0.0099765625 0.021847222222222223
1 0.1994765625 0.7987361111111112 0.0202109375 0.021625000000000002
1 0.2298359375 0.21608333333333335 0.019414062500000002 0.02225
0 0.185734375 0.7004027777777778 0.0064218750000000005 0.009680555555555555