1 0.7919921875 0.5486111111111112 0.015078125000000001 0.022625
1 0.6040078125 0.7284027777777778 0.009625 0.01623611111111111
1 0.343015625 0.8463611111111111 0.0091953125 0.018791666666666665
1 0.22473437500000001 0.2185277777777778 0.014335937500000001 0.025875
1 0.4921875 0.22765277777777776 0.012234375 0.026194444444444444
1 0.2614765625 0.4149305555555556 0.011734375 0.017597222222222222
1 0.4501953125 0.40647222222222223 0.0205703125 0.034777777777777776
1 0.6469765625 0.5594583333333334 0.009523437499999999 0.017875
1 0.5146484375 0.8611111111111112 0.011328125 0.025583333333333336
1 0.4282265625 0.6684027777777778 0.0119140625 0.021680555555555554
1 0.5947265625 0.29665277777777777 0.0115078125 0.02690277777777778
1 0.0831328125 0.5334166666666667 0.0205703125 0.027430555555555555
0 0.505859375 0.8363750000000001 0.0038515625 0.007847222222222222