1 0.43676562499999994 0.6679722222222222 0.009484375 0.022194444444444444
1 0.2313671875 0.2197777777777778 0.018351562499999998 0.021541666666666667
1 0.482421875 0.5021666666666667 0.010734375 0.017791666666666667
1 0.3615703125 0.6749166666666666 0.014390625 0.01961111111111111
1 0.0966796875 0.6106805555555556 0.0186953125 0.03090277777777778
1 0.39246875000000003 0.8233333333333333 0.0095546875 0.022305555555555554
1 0.159671875 0.8207500000000001 0.01428125 0.02786111111111111
1 0.193484375 0.4201388888888889 0.017046875 0.020069444444444442
1 0.036625000000000005 0.5581666666666667 0.0185390625 0.025583333333333336
1 0.7646484375 0.5329861111111112 0.018265625 0.02305555555555556
1 0.4477578125 0.32661111111111113 0.0110703125 0.028055555555555556
1 0.396 0.3263888888888889 0.017046875 0.029625
0 0.095796875 0.6212222222222222 0.0049765625 0.008763888888888889