1 0.703125 0.7300416666666667 0.0084765625 0.034125
1 0.6782265625 0.5642361111111112 0.00978125 0.026583333333333334
1 0.44702343750000006 0.648875 0.01040625 0.01822222222222222
1 0.48657031249999994 0.15841666666666668 0.0159609375 0.03261111111111111
1 0.6040078125 0.8958333333333334 0.0111171875 0.03090277777777778
1 0.47973437499999994 0.4878472222222222 0.007875 0.021597222222222223
1 0.08990625 0.4869861111111111 0.02021875 0.02126388888888889
1 0.620609375 0.17502777777777778 0.012773437500000002 0.026486111111111113
1 0.2605 0.3194444444444444 0.014453125 0.019458333333333334
1 0.20642187500000003 0.15625 0.012671874999999999 0.02022222222222222
1 0.8422890625000001 0.5273472222222222 0.012531249999999999 0.023875
1 0.3896484375 0.8689305555555555 0.0146171875 0.021111111111111112
0 0.5460625 0.671 0.00571875 0.008597222222222223