1 0.581546875 0.8276944444444445 0.010859375000000001 0.034666666666666665
1 0.7470703125 0.5607638888888888 0.013484375000000002 0.018291666666666668
1 0.1551484375 0.4861111111111111 0.01628125 0.019916666666666666
1 0.6977578125 0.6475694444444444 0.012773437500000002 0.018722222222222223
1 0.9516640625000001 0.6362916666666667 0.023070312500000002 0.017652777777777778
1 0.85546875 0.4774305555555556 0.017578125 0.018152777777777778
1 0.4541015625 0.6944444444444444 0.01428125 0.04022222222222222
1 0.8950234375000001 0.8081666666666667 0.01640625 0.02175
1 0.380125 0.26975 0.010859375000000001 0.028624999999999998
1 0.5913125 0.49219444444444443 0.014835937499999998 0.026486111111111113
1 0.728515625 0.8020833333333334 0.0074609375000000006 0.015541666666666665
1 0.8657265625000001 0.9574722222222222 0.0116875 0.030083333333333333
0 0.8583984375 0.9418472222222222 0.0051171875 0.009000000000000001