1 0.5869140625 0.3168472222222222 0.01178125 0.018430555555555554
1 0.43628125000000006 0.23915277777777777 0.011734375 0.03947222222222223
1 0.6025390625 0.7105 0.009234375 0.015791666666666666
1 0.5625 0.41211111111111115 0.0151328125 0.02826388888888889
1 0.6538125 0.5768194444444444 0.0137421875 0.020458333333333335
1 0.7085 0.308375 0.0124296875 0.022347222222222223
1 0.64453125 0.6458333333333334 0.012773437500000002 0.017722222222222223
1 0.7973671875 0.45790277777777777 0.0171796875 0.024805555555555556
1 0.5454140625 0.8888888888888888 0.010734375 0.03648611111111111
1 0.507828125 0.48640277777777774 0.0129765625 0.025736111111111112
1 0.32178125 0.24566666666666667 0.0145546875 0.024708333333333332
1 0.4878671875 0.2908194444444444 0.013546875 0.01940277777777778
0 0.3012734375 0.2838611111111111 0.004179687499999999 0.008555555555555556