1 0.62646875 0.7100694444444444 0.006828125 0.021847222222222223
1 0.8110234374999999 0.47091666666666665 0.0211953125 0.023500000000000004
1 0.6704140625 0.6527777777777778 0.0171796875 0.031
1 0.7294921875 0.3380833333333333 0.0160234375 0.025958333333333337
1 0.5322265625 0.47656944444444443 0.0084765625 0.020541666666666666
1 0.59375 0.41233333333333333 0.012484375 0.025694444444444443
1 0.5590859375 0.8819444444444444 0.009125 0.02786111111111111
1 0.5096171875 0.2851388888888889 0.013664062499999999 0.025444444444444443
1 0.43823437500000006 0.23329166666666667 0.007664062500000001 0.015416666666666665
1 0.6153828125 0.3218333333333333 0.0115859375 0.018583333333333334
1 0.6547890625 0.5755277777777777 0.012484375 0.020944444444444446
1 0.3129921875 0.27734722222222224 0.0137421875 0.019305555555555555
0 0.3278828125 0.2708333333333333 0.0045078125 0.009138888888888889