1 0.4765625 0.45181944444444444 0.0146171875 0.024805555555555556
1 0.5610390625 0.5625 0.0091640625 0.024055555555555556
1 0.4560546875 0.24522222222222223 0.0090546875 0.015486111111111112
1 0.5004921875 0.6289027777777778 0.0087421875 0.01976388888888889
0 0.46753125000000006 0.5234444444444445 0.0040859375 0.007944444444444445
1 0.66015625 0.5855 0.011421875 0.02305555555555556
1 0.42065625000000006 0.594625 0.0082578125 0.019916666666666666
1 0.40063281249999994 0.7808194444444445 0.010328125 0.022194444444444444
1 0.534671875 0.2721388888888889 0.010007812500000001 0.025583333333333336
1 0.4365234375 0.413625 0.010249999999999999 0.01591666666666667
1 0.5102578125 0.7235277777777779 0.007171874999999999 0.02126388888888889
1 0.521 0.47352777777777777 0.007578125 0.018291666666666668
1 0.3641171875 0.3284722222222222 0.013921875 0.01611111111111111