1 0.7602578125 0.7474027777777777 0.013953125 0.03040277777777778
1 0.9497109375000001 0.63325 0.021578125 0.017722222222222223
1 0.8608437500000001 0.5499166666666666 0.0164609375 0.022347222222222223
1 0.5986328125 0.7625833333333333 0.00878125 0.02690277777777778
1 0.6650390625 0.49740277777777775 0.01640625 0.03136111111111111
1 0.86328125 0.8949722222222222 0.015187500000000001 0.02175
1 0.1558828125 0.4869861111111111 0.014171875 0.019083333333333334
1 0.716796875 0.5607638888888888 0.0186171875 0.017125
1 0.8503437500000001 0.9433472222222222 0.0133359375 0.027444444444444445
1 0.391359375 0.245875 0.0084453125 0.013625
1 0.49975781250000006 0.6137222222222222 0.0084453125 0.025
0 0.840609375 0.9077361111111112 0.003546875 0.008277777777777778
1 0.8549843750000001 0.5546944444444445 0.0054453125 0.012319444444444444