1 0.522953125 0.24522222222222223 0.010328125 0.02711111111111111
1 0.44702343750000006 0.8624166666666667 0.009671875 0.023333333333333334
1 0.3654765625 0.27452777777777776 0.014953125000000001 0.042513888888888886
1 0.3950234375 0.578125 0.01053125 0.01938888888888889
1 0.58740625 0.4366388888888889 0.009453125 0.02415277777777778
1 0.46508593749999994 0.5364583333333334 0.014335937500000001 0.025986111111111113
1 0.43115625 0.6002638888888889 0.011375 0.026375
1 0.27707031249999997 0.7134166666666666 0.0182578125 0.024041666666666666
1 0.1919140625 0.5740833333333333 0.0198515625 0.024930555555555553
1 0.47690625000000003 0.7573749999999999 0.013390625 0.021194444444444443
1 0.49731249999999994 0.40841666666666665 0.0198359375 0.033666666666666664
1 0.5714375 0.6874722222222223 0.015187500000000001 0.024402777777777777
0 0.5054609375 0.41831944444444447 0.006625000000000001 0.010152777777777778