1 0.5380859375 0.4791666666666667 0.0087421875 0.021847222222222223
1 0.40796093750000006 0.24783333333333332 0.010171875 0.02297222222222222
1 0.6826171875 0.5438333333333334 0.015078125000000001 0.02086111111111111
1 0.724609375 0.5251805555555555 0.010984375000000001 0.02126388888888889
1 0.6606484375 0.7599861111111111 0.013328125 0.02315277777777778
1 0.841796875 0.7799444444444443 0.0123828125 0.019680555555555555
1 0.853515625 0.5034722222222222 0.0147890625 0.01952777777777778
1 0.7631875 0.9210138888888889 0.0120546875 0.021347222222222222
1 0.7680703125 0.6393194444444444 0.017515625 0.018291666666666668
1 0.1688203125 0.48741666666666666 0.017578125 0.017875
1 0.7475625 0.4583333333333333 0.0192734375 0.02711111111111111
0 0.7251015625 0.461375 0.0047890625 0.008555555555555556
1 0.9365234375 0.538625 0.0231015625 0.02359722222222222