1 0.2114609375 0.15230555555555556 0.0169765625 0.024847222222222222
1 0.099375 0.48533333333333334 0.019984375 0.025805555555555554
1 0.27490625 0.2202638888888889 0.01428125 0.025694444444444443
1 0.61865625 0.17556944444444444 0.011328125 0.02377777777777778
1 0.48428125 0.1594861111111111 0.016171875 0.02861111111111111
1 0.8265 0.5220416666666666 0.0193359375 0.025666666666666667
1 0.6875 0.5607638888888888 0.00996875 0.020305555555555556
1 0.7049531250000001 0.7148194444444443 0.011421875 0.025625
1 0.60303125 0.8354999999999999 0.009375 0.02077777777777778
1 0.43969531249999994 0.6493055555555556 0.008546874999999999 0.018291666666666668
1 0.4101640625 0.8688194444444444 0.013390625 0.020972222222222222
0 0.4736328125 0.5331388888888889 0.0048828125 0.00811111111111111
1 0.4751015625 0.5182361111111111 0.00815625 0.014388888888888889