1 0.37487499999999996 0.3870138888888889 0.017937500000000002 0.02825
1 0.41089062500000006 0.35265277777777776 0.011828125 0.025291666666666667
1 0.3330078125 0.6666666666666666 0.012531249999999999 0.0185
1 0.0562421875 0.5190972222222222 0.017046875 0.017388888888888888
1 0.22985937500000003 0.2172361111111111 0.01428125 0.01686111111111111
1 0.1740703125 0.6380277777777777 0.01678125 0.018361111111111113
1 0.42065625000000006 0.5208333333333334 0.013796875 0.021111111111111112
1 0.21985156250000001 0.8589444444444445 0.015671875 0.020305555555555556
1 0.21935937499999997 0.44705555555555554 0.01615625 0.013527777777777777
1 0.344484375 0.6393194444444444 0.0127265625 0.022805555555555558
1 0.34253125 0.8342083333333333 0.013218750000000001 0.030763888888888886
0 0.20453125 0.4873472222222222 0.0044375 0.010083333333333333
1 0.7425625 0.5471944444444444 0.023328124999999998 0.029138888888888888