1 0.4599609375 0.5069444444444444 0.0108203125 0.028152777777777777
0 0.351078125 0.3869305555555555 0.0045234375 0.008486111111111111
1 0.5078125 0.8665555555555555 0.0116875 0.02276388888888889
1 0.5688515625 0.7208055555555556 0.0121953125 0.023208333333333334
1 0.43676562499999994 0.3355 0.010984375000000001 0.025777777777777774
1 0.5949687499999999 0.6497916666666667 0.010312499999999999 0.02048611111111111
1 0.77265625 0.4988472222222222 0.016515625 0.027888888888888887
1 0.66015625 0.5763888888888888 0.017515625 0.01865277777777778
1 0.51171875 0.407125 0.013484375000000002 0.026486111111111113
1 0.44164843749999994 0.23893055555555556 0.0090546875 0.01976388888888889
1 0.658203125 0.2743055555555556 0.013632812499999999 0.027000000000000003
1 0.538578125 0.3211805555555556 0.009484375 0.01961111111111111
1 0.34225 0.38130555555555556 0.0111875 0.016902777777777777