1 0.562171875 0.8791388888888889 0.0134296875 0.03184722222222222
1 0.36882031249999997 0.8515277777777778 0.015742187499999998 0.025944444444444444
1 0.6303124999999999 0.7606944444444446 0.0162890625 0.029805555555555557
1 0.44526562500000005 0.683375 0.0134296875 0.023111111111111114
1 0.47730468750000005 0.41894444444444445 0.00946875 0.01673611111111111
1 0.25934375 0.3838055555555555 0.0160703125 0.02513888888888889
1 0.21784374999999997 0.2023888888888889 0.013648437499999999 0.03334722222222222
1 0.6046640625 0.2588611111111111 0.012546874999999999 0.023
1 0.49601562499999996 0.20443055555555556 0.0158515625 0.029222222222222222
1 0.804671875 0.5643194444444445 0.021578125 0.024527777777777777
1 0.0847578125 0.5075972222222223 0.021578125 0.024972222222222222
1 0.66071875 0.5645 0.014593749999999999 0.021027777777777777
0 0.5525078125 0.8607916666666666 0.006750000000000001 0.014027777777777778