1 0.56396875 0.5668472222222222 0.009296875 0.017194444444444446
1 0.45581250000000006 0.2482638888888889 0.013125000000000001 0.021347222222222222
1 0.4965859375 0.63325 0.00796875 0.01938888888888889
1 0.537109375 0.2526111111111111 0.009296875 0.026194444444444444
1 0.671875 0.5911527777777777 0.0177734375 0.021597222222222223
1 0.39965625 0.8099027777777777 0.007875 0.022194444444444444
1 0.43896875 0.40320833333333334 0.010328125 0.023500000000000004
1 0.42065625000000006 0.594625 0.0082890625 0.01961111111111111
1 0.52490625 0.46484722222222224 0.012484375 0.02126388888888889
1 0.3708515625 0.3229166666666667 0.011875 0.020694444444444446
0 0.47241406250000006 0.5334166666666667 0.0040234375 0.007125
1 0.476078125 0.45181944444444444 0.0145546875 0.024430555555555556
1 0.51434375 0.7335416666666666 0.007781250000000001 0.019791666666666666