1 0.841796875 0.5403611111111111 0.016523437499999998 0.02175
1 0.0877109375 0.48741666666666666 0.0172421875 0.018722222222222223
0 0.58203125 0.7009583333333333 0.0041328125 0.009000000000000001
1 0.44750781249999994 0.6549444444444444 0.008984375 0.01923611111111111
1 0.48901562500000006 0.16655555555555557 0.0154296875 0.034319444444444444
1 0.61865625 0.17936111111111108 0.011960937500000001 0.02711111111111111
1 0.3881875 0.8645833333333334 0.0105703125 0.02359722222222222
1 0.6801796875 0.7413194444444444 0.00996875 0.021027777777777777
1 0.2575703125 0.3315972222222222 0.00996875 0.018791666666666665
1 0.6767578125 0.5703194444444445 0.0106953125 0.021347222222222222
1 0.20959374999999997 0.1645 0.016523437499999998 0.018083333333333333
1 0.4790078125 0.4778611111111111 0.011554687499999999 0.03040277777777778
1 0.603515625 0.8967083333333333 0.013632812499999999 0.03173611111111111