1 0.3969765625 0.34700000000000003 0.0104921875 0.020388888888888887
1 0.46215624999999994 0.25304166666666666 0.010859375000000001 0.021180555555555557
1 0.442578125 0.8154166666666667 0.0124453125 0.01995833333333333
1 0.45971875000000006 0.3513472222222222 0.00878125 0.018791666666666665
1 0.510640625 0.718375 0.01215625 0.022
1 0.6069375 0.5299444444444444 0.01353125 0.019458333333333334
1 0.4536171875 0.586375 0.01103125 0.02323611111111111
1 0.5913125 0.26106944444444447 0.009484375 0.024708333333333332
1 0.5322265625 0.6653611111111111 0.008515625 0.01901388888888889
1 0.5302734375 0.45355555555555555 0.0091640625 0.017069444444444443
1 0.7303984375 0.594625 0.01390625 0.020388888888888887
1 0.47925000000000006 0.43641666666666673 0.0141171875 0.028833333333333336
0 0.5244140625 0.6458333333333334 0.0040234375 0.007791666666666667