1 0.525390625 0.47091666666666665 0.013484375000000002 0.029736111111111112
1 0.126953125 0.48047222222222224 0.0111171875 0.013944444444444443
1 0.5102578125 0.8177083333333334 0.0100546875 0.03040277777777778
1 0.642578125 0.8012222222222222 0.0158984375 0.026805555555555558
1 0.6563984375 0.6139861111111111 0.011140625 0.02448611111111111
1 0.634765625 0.5499166666666666 0.015078125000000001 0.024902777777777777
1 0.328859375 0.27408333333333335 0.0135859375 0.025
1 0.9008828125000001 0.6245694444444444 0.0244765625 0.021680555555555554
1 0.7475625 0.35047222222222224 0.018375 0.028486111111111115
1 0.3837890625 0.7382777777777777 0.0138984375 0.034916666666666665
1 0.8295937500000001 0.5720555555555555 0.0173828125 0.02415277777777778
1 0.8017578125 0.6614583333333334 0.0135859375 0.035944444444444446
0 0.82421875 0.8354999999999999 0.0040078125 0.006750000000000001