1 0.3974609375 0.7230972222222222 0.0100546875 0.01976388888888889
1 0.787109375 0.37651388888888887 0.0195 0.023875
1 0.54296875 0.47656944444444443 0.013328125 0.025583333333333336
1 0.52734375 0.8177083333333334 0.0079375 0.01938888888888889
1 0.344140625 0.2713611111111111 0.016078125 0.02609722222222222
1 0.135375 0.48827777777777776 0.013273437499999999 0.01886111111111111
0 0.8413125000000001 0.9201388888888888 0.004117187499999999 0.008625
1 0.6640625 0.8064305555555555 0.017046875 0.029944444444444444
1 0.9306640625 0.6410555555555556 0.0193046875 0.017875
1 0.680078125 0.5549305555555556 0.0171796875 0.022305555555555554
1 0.6684609375 0.6210972222222222 0.0161015625 0.020069444444444442
1 0.8295703124999999 0.8059583333333333 0.018789062500000002 0.01852777777777778
1 0.8579140625000001 0.6475694444444444 0.0171796875 0.03184722222222222