1 0.156984375 0.48394444444444445 0.0147890625 0.020069444444444442
1 0.636234375 0.7677916666666665 0.0140078125 0.035541666666666666
1 0.7265625 0.46875 0.0205234375 0.029736111111111112
1 0.397703125 0.24761111111111112 0.008671874999999999 0.01901388888888889
1 0.72021875 0.5538194444444444 0.013632812499999999 0.025583333333333336
1 0.7939453125 0.9253472222222222 0.013023437500000002 0.02415277777777778
1 0.8413125000000001 0.8237916666666667 0.0147890625 0.03065277777777778
1 0.5278359375 0.5329861111111112 0.0121015625 0.03748611111111111
1 0.779296875 0.6597222222222222 0.0184296875 0.019305555555555555
1 0.9477578125000001 0.5651111111111111 0.0199140625 0.026486111111111113
1 0.70459375 0.5585972222222222 0.01628125 0.02175
1 0.8505859375 0.5503472222222222 0.01871875 0.023875
0 0.7622109375 0.5325555555555556 0.0052578125 0.009347222222222222