1 0.5161171875 0.26366666666666666 0.009710937499999999 0.02826388888888889
1 0.389890625 0.5846388888888889 0.00978125 0.023416666666666665
1 0.443359375 0.8676250000000001 0.010171875 0.03295833333333333
1 0.456546875 0.5390694444444445 0.0125703125 0.027000000000000003
1 0.3703046875 0.26075000000000004 0.012632812500000002 0.01801388888888889
1 0.5600625 0.6684027777777778 0.009453125 0.028624999999999998
1 0.578125 0.44922222222222224 0.01353125 0.020458333333333335
1 0.45971875000000006 0.7695277777777777 0.011828125 0.03173611111111111
1 0.4321328125 0.6210972222222222 0.011203125 0.017527777777777778
1 0.1994609375 0.5638055555555556 0.014734375 0.0185
1 0.47582812499999994 0.42056944444444444 0.0109453125 0.023333333333333334
1 0.26953125 0.7265694444444445 0.0100546875 0.018291666666666668
0 0.5009765625 0.4366388888888889 0.0043124999999999995 0.007736111111111111