1 0.6201171875 0.174375 0.012773437500000002 0.026583333333333334
1 0.7094765625 0.71875 0.0105703125 0.022625
1 0.6782265625 0.5629305555555556 0.009335937499999999 0.023875
1 0.44627343750000004 0.6443888888888889 0.014359374999999999 0.021736111111111112
1 0.2631875 0.31098611111111113 0.0122890625 0.024527777777777777
1 0.4800625 0.49822222222222223 0.0094453125 0.017180555555555553
1 0.4867265625 0.1552638888888889 0.0144921875 0.02775
1 0.8354531250000001 0.5234444444444445 0.01871875 0.030763888888888886
1 0.6041796875000001 0.8964722222222222 0.014460937500000002 0.033375
1 0.2058125 0.1622222222222222 0.01634375 0.03848611111111111
1 0.390140625 0.8719583333333333 0.013953125 0.028624999999999998
1 0.0907578125 0.48568055555555556 0.0205703125 0.020458333333333335
0 0.5023984375 0.6564166666666666 0.0049609375 0.010680555555555556