1 0.666015625 0.49566666666666664 0.0110703125 0.020388888888888887
0 0.6787109375 0.45790277777777777 0.00421875 0.007847222222222222
1 0.8422890625000001 0.46441666666666664 0.0185390625 0.021180555555555557
1 0.7119140625 0.48654166666666665 0.0120546875 0.019305555555555555
1 0.7475625 0.6345555555555555 0.01353125 0.02086111111111111
1 0.912109375 0.5416666666666666 0.0225859375 0.02061111111111111
1 0.180296875 0.48915277777777777 0.0147890625 0.02126388888888889
1 0.7314453125 0.46615277777777775 0.013273437499999999 0.030541666666666665
1 0.8295937500000001 0.7270000000000001 0.014171875 0.02690277777777778
1 0.41870312500000006 0.24740277777777778 0.0102890625 0.022347222222222223
1 0.7265625 0.9166666666666666 0.013632812499999999 0.02826388888888889
1 0.5434609375 0.43533333333333335 0.0097421875 0.014611111111111111
1 0.675296875 0.7413194444444444 0.0081875 0.02126388888888889