1 0.6962890625 0.6401944444444444 0.011421875 0.01976388888888889
1 0.60303125 0.5013055555555556 0.01640625 0.02786111111111111
1 0.15490625 0.4869861111111111 0.014953125000000001 0.017263888888888888
1 0.462421875 0.6742638888888889 0.013390625 0.022472222222222223
1 0.3850078125 0.2647638888888889 0.009929687500000001 0.025583333333333336
1 0.861328125 0.4908888888888889 0.01571875 0.018430555555555554
1 0.9521484375 0.6367222222222222 0.0252265625 0.01622222222222222
1 0.5835 0.8172777777777779 0.0077578125 0.02201388888888889
1 0.8930703125000001 0.8211805555555556 0.0174375 0.020944444444444446
1 0.734375 0.7973055555555555 0.0130703125 0.042916666666666665
0 0.8530312500000001 0.938375 0.0047578125 0.008555555555555556
1 0.744140625 0.5538194444444444 0.0164609375 0.014499999999999999
1 0.859375 0.9522638888888889 0.0177734375 0.04101388888888889