1 0.39721875 0.3463611111111111 0.010171875 0.01801388888888889
1 0.43578906249999994 0.5416666666666666 0.008984375 0.020541666666666666
1 0.46655468750000006 0.4583333333333333 0.011421875 0.023972222222222225
1 0.524421875 0.7019166666666666 0.011601562499999999 0.019319444444444445
1 0.638671875 0.5373333333333333 0.011554687499999999 0.01961111111111111
1 0.4926796875 0.3151111111111111 0.010609375 0.020944444444444446
1 0.572265625 0.6336805555555556 0.0097421875 0.019916666666666666
1 0.45092968750000006 0.25151388888888887 0.010984375000000001 0.02415277777777778
1 0.46996874999999994 0.8476527777777777 0.011640625 0.030305555555555554
0 0.5454140625 0.61675 0.00428125 0.008583333333333333
1 0.482421875 0.3995277777777778 0.0141171875 0.029375
1 0.755375 0.5525138888888889 0.0127265625 0.022444444444444444
1 0.6298828125 0.26193055555555556 0.014390625 0.028055555555555556