1 0.37289062500000003 0.38138888888888894 0.015234375 0.026458333333333334
1 0.4165234375 0.3694305555555556 0.012742187499999998 0.027680555555555555
1 0.04940625 0.5342916666666666 0.020171875 0.018083333333333333
1 0.2309609375 0.45008333333333334 0.01621875 0.021027777777777777
1 0.2060546875 0.8645833333333334 0.013375000000000001 0.02359722222222222
1 0.3420390625 0.6401944444444444 0.0112421875 0.01659722222222222
1 0.3464375 0.6740416666666667 0.0110703125 0.023416666666666665
1 0.43188281249999994 0.5208333333333334 0.010328125 0.0185
1 0.16528125 0.6510416666666666 0.0177734375 0.020944444444444446
1 0.7329140625 0.5538194444444444 0.0161015625 0.023875
1 0.230875 0.21947222222222224 0.017937500000000002 0.02188888888888889
1 0.340796875 0.8179444444444444 0.0130625 0.024944444444444446
0 0.1853046875 0.5650000000000001 0.006171875 0.013527777777777777