1 0.4868203125 0.1618888888888889 0.015078125000000001 0.03375
0 0.474609375 0.5329861111111112 0.00459375 0.010305555555555556
1 0.44214062500000006 0.6501805555555555 0.00834375 0.020944444444444446
1 0.62109375 0.17556944444444444 0.0111171875 0.025194444444444446
1 0.272953125 0.25043055555555555 0.014171875 0.03198611111111111
1 0.3981953125 0.8724027777777777 0.00784375 0.02126388888888889
1 0.47925000000000006 0.5264722222222222 0.009273437499999999 0.017319444444444446
1 0.828125 0.5204027777777778 0.01428125 0.022875
1 0.6845703125 0.5603333333333333 0.008984375 0.020388888888888887
1 0.59765625 0.8658888888888889 0.0112421875 0.03252777777777778
1 0.1026953125 0.482875 0.01940625 0.020430555555555556
1 0.21057031249999997 0.1622222222222222 0.016921875 0.04658333333333333
1 0.708984375 0.719625 0.01178125 0.02013888888888889