1 0.7836953125 0.5451388888888888 0.0189375 0.021430555555555557
1 0.5297890625 0.671875 0.0106484375 0.03323611111111111
1 0.603515625 0.5256111111111111 0.0130703125 0.021430555555555557
1 0.5551796875 0.319875 0.0106484375 0.025583333333333336
1 0.468265625 0.2593333333333333 0.014499999999999999 0.029625
1 0.233890625 0.21636111111111112 0.0124296875 0.025291666666666667
1 0.0701875 0.5147638888888889 0.0205703125 0.021513888888888888
1 0.2958984375 0.8368055555555556 0.013484375000000002 0.025875
1 0.48584375 0.8637222222222222 0.0110703125 0.035458333333333335
1 0.23559375 0.48047222222222224 0.017046875 0.019305555555555555
1 0.2673359375 0.38823611111111106 0.0145546875 0.015069444444444444
1 0.41723437499999994 0.6554027777777778 0.0101796875 0.03426388888888889
0 0.418765625 0.6932222222222222 0.0046328125 0.00775