1 0.20610937499999998 0.1546111111111111 0.017484375 0.024569444444444446
1 0.262671875 0.3156111111111111 0.015703125000000002 0.029319444444444443
1 0.0900546875 0.4828888888888889 0.0216484375 0.025055555555555553
1 0.446296875 0.64475 0.017484375 0.023930555555555556
1 0.3900859375 0.8669861111111111 0.015703125000000002 0.025541666666666667
1 0.6036875 0.8922638888888889 0.013921875 0.02661111111111111
0 0.5296328124999999 0.6594444444444445 0.005 0.011444444444444445
1 0.8381015625 0.5238888888888888 0.0209375 0.02965277777777778
1 0.6782734375 0.5596388888888889 0.013203125 0.022486111111111113
1 0.7070078125 0.7189444444444444 0.0128515625 0.03145833333333333
1 0.6207265625 0.1753472222222222 0.017625 0.028805555555555553
1 0.4856484375 0.15668055555555555 0.0166640625 0.03079166666666667
1 0.48180468750000005 0.4963194444444445 0.0128203125 0.02301388888888889