1 0.1240234375 0.4752638888888889 0.0145546875 0.02013888888888889
1 0.309265625 0.8218333333333334 0.0149296875 0.024347222222222225
1 0.4541015625 0.5299444444444444 0.010007812500000001 0.018361111111111113
1 0.42651562500000006 0.4513888888888889 0.014835937499999998 0.026083333333333333
1 0.5078125 0.8081666666666667 0.0136875 0.03065277777777778
1 0.4479375 0.7336527777777778 0.014820312499999998 0.02
1 0.4497109375 0.2543472222222222 0.01428125 0.028055555555555556
1 0.262453125 0.26084722222222223 0.013484375000000002 0.024708333333333332
1 0.4144375 0.8291111111111111 0.0112734375 0.01625
1 0.5043984375 0.6597222222222222 0.0110703125 0.02377777777777778
1 0.8012734375000001 0.5972222222222222 0.0210390625 0.022097222222222223
0 0.5205078125 0.7929722222222223 0.0045390625 0.007694444444444445
1 0.534296875 0.44766666666666666 0.01665625 0.017208333333333332