1 0.39721875 0.34765277777777776 0.0110703125 0.023500000000000004
1 0.526859375 0.6614583333333334 0.01009375 0.015791666666666666
1 0.5859375 0.2580277777777778 0.0120546875 0.025
1 0.6015625 0.532125 0.0111171875 0.020305555555555556
1 0.4555703125 0.3559027777777778 0.00996875 0.025097222222222222
1 0.4521484375 0.5902777777777778 0.010249999999999999 0.02061111111111111
1 0.5356484375 0.44922222222222224 0.0104921875 0.02773611111111111
1 0.511234375 0.7230972222222222 0.010781250000000001 0.027208333333333334
1 0.46167187500000006 0.25369444444444444 0.0110703125 0.024527777777777777
1 0.43921093750000006 0.8120694444444445 0.012148437500000001 0.01916666666666667
1 0.724125 0.5998333333333333 0.0158359375 0.02415277777777778
0 0.51953125 0.6436666666666666 0.0045390625 0.008486111111111111
1 0.4791796875 0.4429722222222222 0.0170546875 0.03190277777777777