1 0.5356484375 0.49175 0.013273437499999999 0.020305555555555556
1 0.3942890625 0.7317777777777777 0.00996875 0.022444444444444444
1 0.23181250000000003 0.21430555555555558 0.013273437499999999 0.02690277777777778
0 0.2548828125 0.7786527777777777 0.004117187499999999 0.007819444444444445
1 0.072265625 0.53125 0.0196875 0.022097222222222223
1 0.478515625 0.6896666666666667 0.0125703125 0.027944444444444445
1 0.43921093750000006 0.30295833333333333 0.0153671875 0.029944444444444444
1 0.228515625 0.8302916666666665 0.018375 0.022527777777777775
1 0.187375 0.5529583333333333 0.01640625 0.017388888888888888
1 0.501953125 0.34093055555555557 0.014390625 0.02415277777777778
1 0.8149453125000001 0.5438333333333334 0.023515625000000002 0.024527777777777777
1 0.21985156250000001 0.4210138888888889 0.0158359375 0.02323611111111111
1 0.44706250000000003 0.8738750000000001 0.0121328125 0.02213888888888889