1 0.49585156250000006 0.18804166666666663 0.01525 0.03040277777777778
1 0.6098671875 0.22743055555555555 0.0112421875 0.023416666666666665
1 0.589359375 0.8867222222222223 0.0136875 0.02731944444444445
1 0.2138671875 0.19 0.013843749999999998 0.021180555555555557
1 0.2595234375 0.36415277777777777 0.015187500000000001 0.025194444444444446
1 0.8178750000000001 0.563375 0.018234375 0.023416666666666665
0 0.5908203125 0.8142361111111112 0.0039453125 0.008680555555555556
1 0.08154687499999999 0.49609722222222224 0.01628125 0.021111111111111112
1 0.382328125 0.8493888888888889 0.009671875 0.022527777777777775
1 0.4580078125 0.6901111111111111 0.010734375 0.020305555555555556
1 0.6697890625 0.571763888888889 0.012078125 0.017138888888888888
1 0.6333046875 0.7595555555555555 0.012921875 0.024333333333333332
1 0.4809609375 0.44054166666666666 0.010171875 0.02538888888888889