1 0.388296875 0.22744444444444442 0.013843749999999998 0.03172222222222222
1 0.43774218749999994 0.42925 0.0095625 0.02126388888888889
1 0.3645 0.5533888888888889 0.0100546875 0.018930555555555558
1 0.47925000000000006 0.25825 0.0083125 0.02061111111111111
1 0.22180468750000001 0.532125 0.0090546875 0.012958333333333334
1 0.416015625 0.5368888888888889 0.011960937500000001 0.024430555555555556
1 0.46508593749999994 0.7235277777777779 0.009453125 0.02377777777777778
1 0.23828125 0.7152777777777778 0.011375 0.02013888888888889
1 0.3911171875 0.6445277777777778 0.0083125 0.018152777777777778
1 0.4140625 0.8411527777777777 0.0110703125 0.021680555555555554
1 0.5688515625 0.6710138888888889 0.011164062499999999 0.028722222222222222
1 0.5473671875 0.44336111111111115 0.0127265625 0.016930555555555556
0 0.55615625 0.6697083333333333 0.004296875 0.007291666666666667