1 0.579796875 0.8202777777777778 0.011773437500000001 0.02322222222222222
1 0.3776875 0.26605555555555555 0.008375 0.017527777777777778
1 0.8940468750000001 0.8029583333333333 0.01621875 0.020305555555555556
1 0.44995312500000006 0.6892361111111112 0.009453125 0.020694444444444446
1 0.9516640625000001 0.6362916666666667 0.02346875 0.017388888888888888
1 0.853640625 0.4783194444444444 0.020859375 0.020569444444444446
1 0.1553984375 0.48568055555555556 0.01578125 0.01961111111111111
1 0.7230703125 0.802861111111111 0.014820312499999998 0.021180555555555557
1 0.8686562500000001 0.9652777777777778 0.0147890625 0.029055555555555557
1 0.5888671875 0.49219444444444443 0.015078125000000001 0.026083333333333333
1 0.6978984374999999 0.6489722222222222 0.0120625 0.017305555555555557
1 0.75065625 0.5574166666666667 0.0179140625 0.013097222222222222
0 0.8579140625000001 0.9418472222222222 0.004984375 0.008486111111111111