1 0.8491250000000001 0.9444444444444444 0.0151328125 0.027625
1 0.759140625 0.7454305555555556 0.0183359375 0.02652777777777778
1 0.94921875 0.6328194444444445 0.0218203125 0.017263888888888888
1 0.859375 0.5520833333333334 0.017515625 0.023500000000000004
1 0.861328125 0.8949722222222222 0.01621875 0.025097222222222222
1 0.1572265625 0.4869861111111111 0.0158359375 0.01886111111111111
1 0.5004921875 0.6106805555555556 0.008640625 0.022708333333333334
1 0.66796875 0.49609722222222224 0.015078125000000001 0.030541666666666665
1 0.711015625 0.5579583333333333 0.011703125 0.014722222222222222
1 0.3928203125 0.2506527777777778 0.0112421875 0.02786111111111111
1 0.599609375 0.7556388888888889 0.0086171875 0.02022222222222222
0 0.8357578125 0.8817916666666666 0.00378125 0.007666666666666666
1 0.7209375 0.5567083333333334 0.009453125 0.010902777777777777