1 0.49609375 0.2016111111111111 0.0140625 0.033666666666666664
1 0.21862499999999999 0.204 0.014835937499999998 0.03827777777777778
1 0.44921875 0.6879305555555556 0.011734375 0.02227777777777778
1 0.6323125 0.7670416666666666 0.012203124999999999 0.02736111111111111
1 0.257078125 0.3784722222222222 0.013328125 0.021847222222222223
1 0.6064453125 0.25304166666666666 0.011164062499999999 0.026694444444444444
1 0.6626015625 0.5711805555555556 0.0137421875 0.02377777777777778
1 0.56640625 0.8815138888888889 0.0122890625 0.033555555555555554
1 0.47827343750000006 0.42144444444444445 0.008921875 0.011055555555555556
1 0.3735390625 0.8511249999999999 0.009929687500000001 0.02022222222222222
1 0.0823984375 0.5030416666666666 0.014835937499999998 0.01822222222222222
1 0.8076171875 0.5655416666666666 0.0199140625 0.023875
0 0.5636796875 0.8682777777777777 0.0039296875 0.00775