1 0.11340625 0.5911527777777777 0.0197109375 0.03727777777777778
1 0.442875 0.6705694444444444 0.0115078125 0.025875
1 0.4033203125 0.3222638888888889 0.0145546875 0.02773611111111111
1 0.1624765625 0.8168472222222222 0.0173046875 0.020458333333333335
1 0.491703125 0.49695833333333334 0.008375 0.01622222222222222
1 0.399171875 0.8302916666666665 0.009523437499999999 0.024333333333333332
1 0.3688984375 0.67925 0.0122890625 0.020458333333333335
1 0.044187500000000005 0.5516527777777778 0.0238203125 0.01865277777777778
1 0.2307109375 0.21843055555555557 0.014335937500000001 0.02077777777777778
1 0.1976328125 0.42165277777777777 0.012867187499999998 0.015666666666666666
1 0.4575234375 0.31531944444444443 0.0116875 0.025583333333333336
1 0.7724609375 0.5334166666666667 0.0206875 0.023972222222222225
0 0.1099375 0.6074999999999999 0.0043046874999999995 0.008208333333333333