1 0.507328125 0.3107638888888889 0.0104921875 0.023875
1 0.4282265625 0.5229722222222223 0.011328125 0.019083333333333334
1 0.537109375 0.7092083333333333 0.008984375 0.025486111111111112
1 0.44678125 0.2484861111111111 0.0090859375 0.01822222222222222
1 0.482421875 0.8563333333333333 0.011164062499999999 0.026694444444444444
1 0.6337890625 0.24804166666666666 0.009523437499999999 0.02826388888888889
1 0.41754687500000004 0.44095833333333334 0.00984375 0.021763888888888888
1 0.49487500000000006 0.39648611111111115 0.013218750000000001 0.029944444444444444
1 0.40210156250000006 0.3428888888888889 0.011875 0.022875
1 0.646484375 0.5516527777777778 0.0111171875 0.018930555555555558
1 0.7607421875 0.5351527777777778 0.01428125 0.022347222222222223
1 0.5786171875 0.6315138888888889 0.0102890625 0.023875
0 0.420921875 0.4573055555555555 0.0052890624999999995 0.00973611111111111