1 0.580078125 0.7087638888888889 0.010007812500000001 0.029166666666666667
1 0.48803906250000006 0.24327777777777776 0.014953125000000001 0.03113888888888889
1 0.5835 0.3031666666666667 0.0088515625 0.021430555555555557
1 0.0719609375 0.5316805555555556 0.0195625 0.02201388888888889
1 0.3928203125 0.40690277777777784 0.0211640625 0.022347222222222223
1 0.7836953125 0.5425416666666667 0.0154296875 0.021180555555555557
1 0.490234375 0.8350694444444444 0.014226562500000001 0.034208333333333334
1 0.22925 0.2197222222222222 0.013171875 0.02201388888888889
1 0.327640625 0.8428888888888889 0.010984375000000001 0.027430555555555555
1 0.4189453125 0.657125 0.009929687500000001 0.021930555555555554
1 0.6376953125 0.5629305555555556 0.0090859375 0.034861111111111114
1 0.263 0.4318888888888889 0.017625 0.024694444444444446
0 0.46655468750000006 0.7573749999999999 0.0040546875 0.007638888888888889