1 0.3855 0.41601388888888885 0.013328125 0.02538888888888889
1 0.1221796875 0.46415277777777775 0.021171875 0.01822222222222222
1 0.24049218749999998 0.229875 0.013843749999999998 0.02086111111111111
1 0.3793984375 0.23394444444444445 0.011421875 0.025777777777777774
1 0.3657265625 0.704 0.016843749999999998 0.027000000000000003
1 0.374515625 0.7938333333333333 0.010781250000000001 0.025194444444444446
1 0.37317187500000004 0.4967083333333333 0.0175625 0.020666666666666667
1 0.40112500000000006 0.5117222222222222 0.013375000000000001 0.024333333333333332
1 0.2771015625 0.8463611111111111 0.0109453125 0.023333333333333334
1 0.757328125 0.5308194444444444 0.014835937499999998 0.025694444444444443
0 0.384765625 0.71875 0.0041640625 0.008513888888888889
1 0.3579140625 0.5755277777777777 0.0148984375 0.026083333333333333
1 0.3273828125 0.6247777777777778 0.0115703125 0.025708333333333337