1 0.7934609375 0.3741388888888889 0.0151328125 0.022097222222222223
1 0.249265625 0.4392361111111111 0.01615625 0.022194444444444444
1 0.44164843749999994 0.2510833333333333 0.0102890625 0.020541666666666666
1 0.6899453125 0.5933194444444444 0.01525 0.02022222222222222
1 0.8637734375000001 0.5473055555555556 0.0186484375 0.02175
1 0.755859375 0.6558194444444444 0.016984375 0.021347222222222222
1 0.6826171875 0.36241666666666666 0.0120078125 0.02538888888888889
1 0.67578125 0.7395833333333334 0.013171875 0.019305555555555555
1 0.6850625 0.4320694444444444 0.0166640625 0.029263888888888888
1 0.646 0.8940972222222222 0.009929687500000001 0.027944444444444445
1 0.5961953125 0.43901388888888887 0.008578125 0.02377777777777778
1 0.5636796875 0.32234722222222223 0.0120078125 0.019152777777777776
0 0.5537109375 0.33876388888888886 0.0039921875 0.007402777777777778