1 0.6879921875 0.3737083333333333 0.011375 0.020944444444444446
1 0.67578125 0.7381805555555556 0.0123828125 0.01663888888888889
1 0.694828125 0.5993888888888889 0.0130703125 0.017791666666666667
1 0.6885859375 0.4298472222222222 0.0179296875 0.023374999999999996
1 0.763671875 0.6584166666666667 0.0137421875 0.01901388888888889
1 0.798828125 0.3786944444444445 0.013218750000000001 0.016527777777777777
1 0.437015625 0.2482638888888889 0.00815625 0.018291666666666668
1 0.865859375 0.5479722222222223 0.023703125 0.021944444444444447
1 0.6020546875 0.43727777777777777 0.014390625 0.020388888888888887
1 0.5668984375 0.319875 0.011734375 0.012958333333333334
1 0.23742968750000001 0.4418472222222222 0.0124296875 0.017458333333333333
1 0.64990625 0.8897638888888889 0.014835937499999998 0.017944444444444443
0 0.5638203125000001 0.3365972222222222 0.0046484375 0.009069444444444444