1 0.397703125 0.34765277777777776 0.0112421875 0.022875
1 0.453125 0.5902777777777778 0.01040625 0.021680555555555554
1 0.48046875 0.44575 0.01640625 0.042124999999999996
1 0.58740625 0.2593333333333333 0.01353125 0.024333333333333332
1 0.44067187499999994 0.8129305555555555 0.01146875 0.020388888888888887
1 0.6040078125 0.5299444444444444 0.0094140625 0.018930555555555558
1 0.526953125 0.6620694444444445 0.014890625 0.018291666666666668
1 0.4619140625 0.25281944444444443 0.01146875 0.02323611111111111
1 0.45581250000000006 0.35394444444444445 0.011164062499999999 0.024055555555555556
1 0.5110078125 0.7192777777777778 0.011625 0.022291666666666668
1 0.533203125 0.45052777777777775 0.0088125 0.022347222222222223
1 0.7251015625 0.5954861111111112 0.0174375 0.023500000000000004
0 0.521484375 0.6445277777777778 0.00446875 0.008388888888888888