1 0.57959375 0.6384583333333333 0.01178125 0.019305555555555555
1 0.7646484375 0.5320972222222222 0.015742187499999998 0.020805555555555556
1 0.515140625 0.31380555555555556 0.01103125 0.021180555555555557
1 0.41186718750000006 0.339625 0.009296875 0.021347222222222222
1 0.6525546875 0.5624305555555555 0.013835937500000001 0.02001388888888889
1 0.6391640625 0.25390277777777776 0.01009375 0.020541666666666666
1 0.4326171875 0.5221388888888889 0.009273437499999999 0.017069444444444443
1 0.4873046875 0.86025 0.010171875 0.019916666666666666
1 0.44507031250000006 0.24869444444444444 0.009710937499999999 0.01686111111111111
1 0.5444375 0.719625 0.0106484375 0.029263888888888888
1 0.3942890625 0.4129722222222222 0.0081875 0.017
1 0.4990234375 0.40494444444444444 0.01353125 0.025194444444444446
0 0.4038125 0.43641666666666673 0.004179687499999999 0.007472222222222222