1 0.10082031250000001 0.4840277777777778 0.0203359375 0.025652777777777778
1 0.4859296875 0.15963888888888889 0.016117187499999998 0.030069444444444444
1 0.273625 0.24831944444444443 0.016117187499999998 0.03011111111111111
1 0.6206640625000001 0.17463888888888887 0.014351562500000001 0.025125
1 0.826234375 0.5217361111111111 0.019015625 0.03027777777777778
1 0.684765625 0.5598055555555556 0.014859375 0.025819444444444443
1 0.706171875 0.7181249999999999 0.015359375 0.028152777777777777
1 0.6027265625 0.8544444444444446 0.014734375 0.04022222222222222
1 0.399546875 0.87 0.014101562500000001 0.02702777777777778
1 0.44097656250000006 0.6480833333333333 0.010828125 0.021069444444444443
1 0.47800000000000004 0.52075 0.0093203125 0.01620833333333333
1 0.21080468749999998 0.14727777777777779 0.0210625 0.027805555555555556
0 0.47509375 0.5335972222222222 0.00646875 0.011166666666666665