1 0.517578125 0.6024305555555556 0.0095625 0.021597222222222223
1 0.4711953125 0.26129166666666664 0.0123828125 0.02538888888888889
1 0.35034375 0.5620694444444444 0.011421875 0.021180555555555557
1 0.261234375 0.41927777777777775 0.014171875 0.027430555555555555
1 0.3857421875 0.8415833333333335 0.00978125 0.025486111111111112
1 0.43767187500000004 0.7384166666666666 0.011890625 0.021305555555555557
1 0.22107031250000003 0.6497361111111111 0.0147890625 0.028486111111111115
1 0.358640625 0.4587638888888889 0.013328125 0.024430555555555556
1 0.5830078125 0.47504166666666664 0.013484375000000002 0.03331944444444444
1 0.44702343750000006 0.3817222222222222 0.011289062499999999 0.02077777777777778
0 0.3200703125 0.49219444444444443 0.0040234375 0.008041666666666667
1 0.3962421875 0.5069444444444444 0.0140078125 0.026083333333333333
1 0.40991406250000006 0.20829166666666665 0.014515624999999999 0.03395833333333333