1 0.49163281249999996 0.3378333333333333 0.0160546875 0.02676388888888889
1 0.43359375 0.3072916666666667 0.0166640625 0.03323611111111111
1 0.1781015625 0.5616388888888889 0.016843749999999998 0.024055555555555556
1 0.526859375 0.4965277777777778 0.013125000000000001 0.03290277777777778
1 0.2307109375 0.2221111111111111 0.016523437499999998 0.03916666666666667
1 0.3911171875 0.7217916666666667 0.012671874999999999 0.025486111111111112
1 0.47436718750000006 0.6909722222222222 0.009125 0.028722222222222222
1 0.068421875 0.5420972222222222 0.021406249999999998 0.027208333333333334
1 0.8110390625000001 0.5494861111111111 0.0236484375 0.035041666666666665
1 0.21301562500000001 0.8107638888888888 0.014734375 0.025
1 0.21911718750000003 0.4340277777777778 0.0148984375 0.024611111111111108
1 0.44067187499999994 0.8754305555555555 0.01009375 0.024902777777777777
0 0.232421875 0.7914027777777777 0.0064140625000000005 0.009069444444444444