1 0.37265625 0.267125 0.015101562499999999 0.021291666666666667
1 0.43774218749999994 0.7009583333333333 0.0091640625 0.02201388888888889
1 0.7451171875 0.5611944444444444 0.0123828125 0.018152777777777778
1 0.698734375 0.6501805555555555 0.011203125 0.01901388888888889
1 0.845703125 0.4583333333333333 0.0154296875 0.021027777777777777
1 0.5786171875 0.4869861111111111 0.015015625 0.024805555555555556
1 0.15490625 0.48568055555555556 0.017640625 0.01686111111111111
1 0.5703125 0.8237916666666667 0.011421875 0.01615277777777778
1 0.7075234375 0.8007777777777777 0.016921875 0.018083333333333333
1 0.87109375 0.9574722222222222 0.01578125 0.026583333333333334
1 0.9521484375 0.6376805555555556 0.027265624999999998 0.01963888888888889
0 0.8588906250000001 0.9453194444444445 0.00575 0.009875
1 0.892578125 0.7729999999999999 0.016843749999999998 0.029486111111111112