1 0.3225078125 0.36719444444444443 0.011289062499999999 0.020541666666666666
1 0.35303125 0.6033333333333333 0.014124999999999999 0.0205
1 0.6259765625 0.5121527777777778 0.010984375000000001 0.021180555555555557
1 0.5395546875 0.5204027777777778 0.011640625 0.021430555555555557
1 0.4606328125 0.23720833333333333 0.013851562500000001 0.027875
1 0.3767109375 0.7395833333333334 0.0103671875 0.01976388888888889
1 0.41675000000000006 0.4461805555555556 0.0072578124999999995 0.018930555555555558
1 0.4975625 0.2714861111111111 0.0106953125 0.025875
1 0.456546875 0.6970555555555555 0.0080625 0.020541666666666666
1 0.4633828125 0.4622361111111111 0.0155390625 0.026486111111111113
1 0.4794921875 0.6289027777777778 0.00809375 0.01673611111111111
1 0.391296875 0.5689166666666666 0.013953125 0.018277777777777778
0 0.3833046875 0.7148472222222223 0.004234375 0.008513888888888889