1 0.6176796875 0.8854166666666666 0.012148437500000001 0.020305555555555556
1 0.538578125 0.3305138888888889 0.012148437500000001 0.025875
1 0.7739296875 0.3556805555555555 0.0161015625 0.023416666666666665
1 0.6669921875 0.3346388888888889 0.0110703125 0.019916666666666666
1 0.5771484375 0.4479166666666667 0.0071484375 0.017791666666666667
1 0.6665078125 0.7295972222222221 0.0106484375 0.021180555555555557
1 0.44409375000000006 0.2497777777777778 0.0073437500000000005 0.016930555555555556
1 0.272953125 0.4244861111111111 0.014335937500000001 0.022194444444444444
1 0.6728515625 0.5815972222222222 0.014835937499999998 0.020388888888888887
1 0.732421875 0.6449722222222222 0.012234375 0.017875
1 0.6547890625 0.42165277777777777 0.015187500000000001 0.03184722222222222
1 0.8452187500000001 0.5303888888888889 0.019015625 0.026194444444444444
0 0.49096875000000006 0.328125 0.0045390625 0.008861111111111111