1 0.45727343749999994 0.25 0.012148437500000001 0.02305555555555556
1 0.56396875 0.5672777777777778 0.00878125 0.017388888888888888
1 0.4965859375 0.63325 0.007578125 0.01923611111111111
1 0.43969531249999994 0.4042916666666666 0.0105703125 0.025583333333333336
1 0.371828125 0.3263888888888889 0.0121015625 0.024430555555555556
1 0.42065625000000006 0.5941805555555556 0.0081875 0.01923611111111111
1 0.6743203125 0.5928888888888889 0.015484375 0.021847222222222223
1 0.5376015625 0.25022222222222223 0.008640625 0.024333333333333332
1 0.52490625 0.4652777777777778 0.0120078125 0.022527777777777775
1 0.515625 0.7400138888888889 0.00803125 0.026291666666666665
1 0.40063281249999994 0.8103333333333335 0.007546875 0.022347222222222223
0 0.4731484375 0.5355972222222222 0.0038828125 0.007263888888888889
1 0.4770546875 0.45443055555555556 0.014734375 0.03336111111111111