1 0.444421875 0.252 0.007851562500000001 0.021736111111111112
1 0.6444609375 0.42047222222222225 0.0186796875 0.029347222222222222
1 0.658203125 0.33029166666666665 0.012484375 0.02711111111111111
0 0.45922656249999994 0.31858333333333333 0.0040078125 0.007916666666666667
1 0.66553125 0.5811666666666666 0.01634375 0.01998611111111111
1 0.6079140625 0.8871527777777778 0.015078125000000001 0.025486111111111112
1 0.569828125 0.4587638888888889 0.008125 0.02359722222222222
1 0.7680703125 0.35481944444444447 0.0141171875 0.022805555555555558
1 0.2758828125 0.41427777777777774 0.012625 0.018361111111111113
1 0.5296796875 0.3235138888888889 0.0123515625 0.015694444444444445
1 0.8388671875 0.5208333333333334 0.0216953125 0.027944444444444445
1 0.7214921875 0.64325 0.0139296875 0.017055555555555553
1 0.663578125 0.7217916666666667 0.007640625 0.01615277777777778