1 0.7099609375 0.5846388888888889 0.014335937500000001 0.021347222222222222
1 0.48754687499999994 0.640625 0.0088828125 0.02175
1 0.728515625 0.5577222222222222 0.0151328125 0.018291666666666668
1 0.8662109375 0.5286527777777777 0.017046875 0.021513888888888888
1 0.94921875 0.63325 0.0239140625 0.016930555555555556
1 0.748046875 0.7686666666666667 0.0141171875 0.024611111111111108
1 0.8706093750000001 0.8537361111111111 0.0166640625 0.02786111111111111
1 0.6435546875 0.5039027777777778 0.0147890625 0.028624999999999998
1 0.5903359375 0.7938333333333333 0.009484375 0.03241666666666666
1 0.394578125 0.25487499999999996 0.0080859375 0.019083333333333334
0 0.841796875 0.9305555555555556 0.0050390625 0.010180555555555556
1 0.15490625 0.48480555555555555 0.01428125 0.01609722222222222
1 0.8520546875000001 0.9427083333333334 0.01634375 0.035402777777777776