1 0.12646875 0.4752638888888889 0.013328125 0.020388888888888887
1 0.3453125 0.758638888888889 0.014624999999999999 0.026680555555555558
1 0.5913125 0.6614583333333334 0.0140078125 0.024430555555555556
1 0.3017578125 0.26952777777777776 0.0140625 0.022527777777777775
1 0.72265625 0.6401944444444444 0.01525 0.028152777777777777
1 0.5446093750000001 0.5252083333333333 0.0118125 0.019152777777777776
1 0.48315625000000006 0.4600694444444444 0.013632812499999999 0.026583333333333334
1 0.4711953125 0.8203194444444445 0.0109453125 0.016416666666666666
1 0.7465859375 0.44531944444444443 0.0102109375 0.024333333333333332
1 0.8745156250000001 0.5253472222222222 0.015015625 0.027000000000000003
1 0.6114296875 0.7592083333333334 0.019375 0.02276388888888889
1 0.6340546875 0.311375 0.0173046875 0.024625
0 0.7294921875 0.4908888888888889 0.0033515625 0.007013888888888889