1 0.44262499999999994 0.6501805555555555 0.008515625 0.020944444444444446
1 0.683109375 0.5616388888888889 0.009125 0.01938888888888889
1 0.6215859375 0.17523611111111112 0.011203125 0.025583333333333336
1 0.27221875 0.24934722222222222 0.013953125 0.029944444444444444
1 0.48709375 0.15965277777777778 0.014945312499999999 0.028569444444444446
1 0.20813281250000001 0.15072222222222223 0.0164609375 0.028375
1 0.828125 0.5212638888888889 0.0148984375 0.025194444444444446
1 0.7094765625 0.7278611111111111 0.013796875 0.034916666666666665
1 0.1017421875 0.48394444444444445 0.019375 0.021847222222222223
1 0.3974609375 0.8710972222222223 0.0081875 0.020541666666666666
1 0.4794921875 0.5256111111111111 0.009484375 0.017388888888888888
0 0.47485156249999994 0.532125 0.004609375000000001 0.011055555555555556
1 0.59765625 0.8611111111111112 0.01053125 0.02323611111111111