1 0.3955078125 0.5412361111111111 0.009710937499999999 0.017
1 0.52490625 0.20084722222222223 0.008671874999999999 0.02773611111111111
1 0.46996874999999994 0.5364583333333334 0.013171875 0.027625
1 0.6103515625 0.7087638888888889 0.010734375 0.01865277777777778
1 0.2788125 0.7365416666666665 0.01640625 0.037625
1 0.1589375 0.5646666666666667 0.0197578125 0.029055555555555557
1 0.573734375 0.43445833333333334 0.014390625 0.023972222222222225
1 0.482421875 0.4010416666666667 0.012921875 0.022527777777777775
1 0.50390625 0.7647638888888889 0.01146875 0.025
1 0.3576640625 0.26393055555555556 0.011421875 0.02609722222222222
1 0.43778125 0.6184861111111111 0.0119375 0.022611111111111113
1 0.45030468749999997 0.7927638888888888 0.01125 0.028236111111111108
0 0.45385937500000006 0.29991666666666666 0.0044843750000000005 0.009000000000000001