1 0.78515625 0.5455694444444444 0.017046875 0.022625
1 0.640625 0.5577222222222222 0.010328125 0.02086111111111111
1 0.0746484375 0.5329861111111112 0.0205703125 0.023333333333333334
1 0.4892578125 0.24066666666666667 0.0138984375 0.028624999999999998
1 0.58984375 0.7161527777777777 0.0094140625 0.018430555555555554
1 0.4208984375 0.6601527777777778 0.010781250000000001 0.024055555555555556
1 0.2629375 0.4285972222222222 0.013484375000000002 0.026375
1 0.22803125 0.2195138888888889 0.013484375000000002 0.025486111111111112
1 0.331296875 0.8459166666666665 0.0096328125 0.02061111111111111
1 0.41448437499999996 0.40776388888888887 0.021562500000000002 0.027208333333333334
1 0.4942578125 0.8413055555555555 0.016843749999999998 0.034138888888888885
1 0.5869140625 0.30404166666666665 0.0137421875 0.026486111111111113
0 0.48657031249999994 0.8103333333333335 0.00446875 0.008555555555555556