1 0.1259765625 0.48047222222222224 0.012234375 0.018930555555555558
1 0.3635234375 0.7439305555555555 0.014671875000000001 0.03347222222222222
1 0.315671875 0.27408333333333335 0.012671874999999999 0.026194444444444444
1 0.5903359375 0.538625 0.011875 0.01865277777777778
0 0.79053125 0.6662361111111111 0.0047578125 0.008069444444444443
1 0.507328125 0.46615277777777775 0.0136875 0.028944444444444443
1 0.49780468750000006 0.8263888888888888 0.0127265625 0.034666666666666665
1 0.623046875 0.7916666666666666 0.0153671875 0.037625
1 0.6381875 0.6232638888888888 0.01628125 0.01952777777777778
1 0.7836953125 0.5533888888888889 0.015187500000000001 0.023333333333333334
1 0.69921875 0.33225 0.0171796875 0.02227777777777778
1 0.7724609375 0.5264722222222222 0.011164062499999999 0.036972222222222226
1 0.8920937500000001 0.5594583333333334 0.01578125 0.03870833333333334