1 0.8501015625000001 0.5342916666666666 0.0173046875 0.02731944444444445
1 0.5302734375 0.5086805555555556 0.008546874999999999 0.02297222222222222
1 0.775390625 0.6532083333333334 0.014953125000000001 0.026805555555555558
1 0.9423828125 0.5546944444444445 0.0244765625 0.02126388888888889
1 0.783203125 0.921875 0.013023437500000002 0.02126388888888889
0 0.75390625 0.49219444444444443 0.0043671874999999995 0.008013888888888888
1 0.8383828125000001 0.8051250000000001 0.01615625 0.027625
1 0.40210156250000006 0.2517361111111111 0.00978125 0.021930555555555554
1 0.724125 0.546875 0.012828125000000001 0.0185
1 0.1593046875 0.48306944444444444 0.016523437499999998 0.020541666666666666
1 0.695265625 0.5500138888888889 0.0156953125 0.01911111111111111
1 0.6456171875 0.7601944444444445 0.0150546875 0.012666666666666666
1 0.7418515625000001 0.4624861111111111 0.017921875 0.027083333333333334