1 0.6782265625 0.5659722222222222 0.009523437499999999 0.030763888888888886
1 0.8349609375 0.5212638888888889 0.0190859375 0.025986111111111113
1 0.486328125 0.15820833333333334 0.014171875 0.030763888888888886
1 0.620609375 0.174375 0.0125703125 0.026486111111111113
1 0.7094765625 0.719625 0.012148437500000001 0.02359722222222222
1 0.0908828125 0.48654166666666665 0.020296875 0.02061111111111111
1 0.6015625 0.8897638888888889 0.009523437499999999 0.020069444444444442
1 0.203859375 0.15483333333333335 0.0151328125 0.020944444444444446
1 0.2634296875 0.305125 0.011828125 0.021180555555555557
1 0.44311718750000006 0.6440972222222222 0.0121953125 0.022527777777777775
1 0.47827343750000006 0.5112916666666667 0.00803125 0.01961111111111111
1 0.390140625 0.8728333333333335 0.013953125 0.02752777777777778
0 0.473734375 0.6500972222222222 0.0054375 0.007680555555555556