1 0.8178750000000001 0.4826388888888889 0.01578125 0.025777777777777774
1 0.6547890625 0.5746527777777778 0.011203125 0.01938888888888889
1 0.6801796875 0.6440972222222222 0.011289062499999999 0.017125
1 0.620609375 0.32140277777777776 0.0108203125 0.02297222222222222
1 0.632328125 0.7052916666666667 0.0102890625 0.014277777777777776
1 0.5986328125 0.4105972222222222 0.016523437499999998 0.030541666666666665
1 0.564453125 0.8849861111111111 0.0137421875 0.022097222222222223
1 0.7368203125 0.3426666666666667 0.0112421875 0.024055555555555556
1 0.5376015625 0.47656944444444443 0.0122890625 0.025291666666666667
1 0.43871874999999994 0.23806944444444444 0.006984374999999999 0.014222222222222223
1 0.3044453125 0.29838888888888887 0.0104921875 0.017388888888888888
0 0.34375 0.27669444444444447 0.004234375 0.008749999999999999
1 0.5136953125 0.2865 0.01003125 0.018569444444444444