1 0.70459375 0.6045972222222222 0.014835937499999998 0.01984722222222222
1 0.8076171875 0.3915 0.01621875 0.021597222222222223
1 0.8759765625 0.5503472222222222 0.02203125 0.022875
1 0.7788125 0.6679722222222222 0.009234375 0.016291666666666666
1 0.22766406250000001 0.45616666666666666 0.0155390625 0.02126388888888889
1 0.6767578125 0.7460972222222223 0.011554687499999999 0.033930555555555554
1 0.7036171875 0.4255694444444445 0.0171015625 0.027208333333333334
1 0.435546875 0.2497777777777778 0.009601562499999999 0.03090277777777778
1 0.5625 0.33897222222222223 0.0116875 0.030763888888888886
1 0.69140625 0.3956111111111111 0.014171875 0.026291666666666665
1 0.6669921875 0.8888888888888888 0.009820312500000001 0.022527777777777775
1 0.6201171875 0.4392361111111111 0.008578125 0.022347222222222223
0 0.566234375 0.3470416666666667 0.0044140625000000005 0.007