1 0.12634375 0.47352777777777777 0.012828125000000001 0.018152777777777778
1 0.5454140625 0.7157083333333333 0.0084140625 0.024055555555555556
1 0.451171875 0.8260694444444444 0.013125000000000001 0.022152777777777778
1 0.46264843750000006 0.4583333333333333 0.0130703125 0.025583333333333336
1 0.8505859375 0.5546944444444445 0.01953125 0.024430555555555556
1 0.6469765625 0.6831666666666667 0.018375 0.02315277777777778
1 0.5869140625 0.7595555555555555 0.015484375 0.025194444444444446
1 0.701171875 0.4285972222222222 0.0106484375 0.030194444444444444
1 0.2873515625 0.26779166666666665 0.013328125 0.029263888888888888
1 0.331296875 0.7899305555555556 0.0138984375 0.03184722222222222
0 0.69575 0.4666666666666667 0.0040703125 0.011444444444444445
1 0.500859375 0.5198611111111111 0.010953125 0.03052777777777778
1 0.5687421875 0.29641666666666666 0.0163359375 0.02779166666666667