1 0.41967968750000006 0.2450138888888889 0.0076953125 0.01901388888888889
1 0.182375 0.48306944444444444 0.014734375 0.019916666666666666
1 0.5434609375 0.42338888888888887 0.0091640625 0.014166666666666666
1 0.73975 0.6280416666666666 0.0160234375 0.019305555555555555
1 0.8372031249999999 0.4497361111111111 0.0164375 0.023583333333333335
0 0.6689453125 0.4557361111111111 0.0045546875 0.008861111111111111
1 0.7290078125 0.4622361111111111 0.012828125000000001 0.026583333333333334
1 0.8237343750000001 0.7148472222222223 0.01428125 0.019305555555555555
1 0.7094765625 0.4730972222222222 0.0112421875 0.020388888888888887
1 0.6626015625 0.48047222222222224 0.0125703125 0.018583333333333334
1 0.7180546875 0.9111388888888888 0.011546875 0.020722222222222222
1 0.677734375 0.7443611111111111 0.0091640625 0.025875
1 0.9064140625 0.5395 0.0244609375 0.023333333333333334