1 0.52578125 0.20093055555555553 0.013023437500000002 0.03888888888888889
1 0.264703125 0.7094027777777777 0.015859375000000002 0.020319444444444446
1 0.4653359375 0.4025555555555555 0.008671874999999999 0.021680555555555554
1 0.4365234375 0.7578194444444445 0.011554687499999999 0.023333333333333334
1 0.397703125 0.5425277777777778 0.0112421875 0.016458333333333332
1 0.3663984375 0.17952777777777776 0.01609375 0.027138888888888886
1 0.4819375 0.5065138888888889 0.013375000000000001 0.02369444444444444
1 0.5996640625 0.40473611111111113 0.0147734375 0.022430555555555554
1 0.4326171875 0.6184861111111111 0.010609375 0.02175
1 0.60303125 0.6914027777777778 0.010007812500000001 0.02731944444444445
1 0.1441640625 0.5530694444444444 0.01953125 0.021569444444444443
1 0.5004921875 0.7673611111111112 0.0082578125 0.01686111111111111
0 0.3732734375 0.17350000000000002 0.007140625 0.012361111111111111