1 0.45213281250000004 0.6789861111111111 0.013617187499999999 0.016180555555555556
1 0.23132031249999999 0.21983333333333333 0.0146171875 0.02359722222222222
1 0.5029296875 0.49740277777777775 0.007664062500000001 0.01801388888888889
1 0.4126015625 0.8454861111111112 0.0082890625 0.02086111111111111
1 0.172 0.8120694444444445 0.0210859375 0.027430555555555555
1 0.050992187499999994 0.5486111111111112 0.017640625 0.01998611111111111
1 0.3771953125 0.6870694444444444 0.0098984375 0.017069444444444443
1 0.41235156249999994 0.31727777777777777 0.0160234375 0.03266666666666666
1 0.2085 0.4290416666666667 0.0191171875 0.01659722222222222
1 0.46460156250000006 0.31727777777777777 0.012867187499999998 0.023972222222222225
1 0.780765625 0.5329861111111112 0.0191953125 0.021680555555555554
1 0.1370859375 0.5833333333333334 0.024656249999999998 0.026486111111111113
0 0.1281328125 0.5861666666666667 0.0050390625 0.009819444444444445