1 0.520203125 0.7057222222222223 0.00996875 0.021777777777777778
1 0.48828125 0.3211805555555556 0.009375 0.018083333333333333
1 0.634765625 0.5360277777777778 0.014335937500000001 0.021847222222222223
1 0.625 0.2667083333333333 0.0125703125 0.029625
0 0.5576171875 0.6436666666666666 0.0041640625 0.007583333333333333
1 0.44262499999999994 0.5499166666666666 0.009453125 0.01901388888888889
1 0.754375 0.5635972222222223 0.0190234375 0.02702777777777778
1 0.46428906249999996 0.8349583333333332 0.0109375 0.024972222222222222
1 0.56815625 0.6336666666666667 0.013242187499999999 0.020833333333333332
1 0.48217968750000006 0.4600694444444444 0.0147890625 0.029486111111111112
1 0.48022656250000006 0.40169444444444447 0.013328125 0.02786111111111111
1 0.452828125 0.24916666666666668 0.0102421875 0.018958333333333334
1 0.395265625 0.34873611111111114 0.0106484375 0.01901388888888889