1 0.718265625 0.5538194444444444 0.0082890625 0.014833333333333334
1 0.6162109375 0.7543472222222222 0.008921875 0.01865277777777778
1 0.156859375 0.48394444444444445 0.0153671875 0.018430555555555554
1 0.694828125 0.48004166666666664 0.0166640625 0.025777777777777774
1 0.5131875 0.5664027777777778 0.0090859375 0.022805555555555558
0 0.788578125 0.6549444444444444 0.0040546875 0.007875
1 0.3884296875 0.23980555555555555 0.0088125 0.01886111111111111
1 0.8514531249999999 0.5690694444444445 0.017578125 0.022166666666666668
1 0.7841796875 0.6831666666666667 0.013632812499999999 0.024430555555555556
1 0.8413125000000001 0.8736944444444443 0.015484375 0.027430555555555555
1 0.8178750000000001 0.932375 0.0191171875 0.021972222222222223
1 0.94921875 0.602 0.0192421875 0.04730555555555556
1 0.7088359375 0.5553472222222222 0.0129140625 0.015222222222222224