1 0.486328125 0.15875 0.014499999999999999 0.03309722222222222
1 0.7094765625 0.7265694444444445 0.0125703125 0.035458333333333335
0 0.47485156249999994 0.5295138888888888 0.006125 0.01622222222222222
1 0.4404296875 0.6462638888888889 0.008125 0.018361111111111113
1 0.8266640625000001 0.5199722222222222 0.01634375 0.024430555555555556
1 0.093015625 0.48177777777777775 0.0189375 0.022347222222222223
1 0.20422656250000001 0.1564722222222222 0.0140625 0.02538888888888889
1 0.4765625 0.5151944444444444 0.0069609375 0.014777777777777779
1 0.679203125 0.5611944444444444 0.009273437499999999 0.022097222222222223
1 0.2639140625 0.27581944444444445 0.0110703125 0.02013888888888889
1 0.62109375 0.17404166666666668 0.013273437499999999 0.028944444444444443
1 0.3903828125 0.8706666666666667 0.014453125 0.025694444444444443
1 0.5973828125 0.8787361111111112 0.012531249999999999 0.022263888888888892