1 0.7465859375 0.563375 0.01621875 0.020944444444444446
1 0.698734375 0.6497361111111111 0.011164062499999999 0.018791666666666665
1 0.442875 0.6970555555555555 0.010859375000000001 0.021930555555555554
1 0.155765625 0.48654166666666665 0.0155390625 0.020944444444444446
1 0.57528125 0.8236527777777778 0.009726562499999999 0.022930555555555558
1 0.8486328125 0.4670138888888889 0.0151328125 0.01659722222222222
1 0.5835 0.4913194444444444 0.014953125000000001 0.025097222222222222
1 0.3752421875 0.26779166666666665 0.009929687500000001 0.022625
1 0.7163125 0.8029583333333333 0.0153046875 0.025486111111111112
1 0.9521484375 0.6345555555555555 0.02475 0.016666666666666666
1 0.8706093750000001 0.9644166666666667 0.0165859375 0.026375
0 0.8583984375 0.9427083333333334 0.0050234375 0.009319444444444444
1 0.8936875000000001 0.7943194444444444 0.020179687499999998 0.03375