1 0.4423828125 0.24544444444444444 0.008578125 0.016805555555555556
1 0.765140625 0.5165 0.0155390625 0.02315277777777778
1 0.55078125 0.7161527777777777 0.011734375 0.017388888888888888
1 0.5218828125 0.3170138888888889 0.011515625 0.024305555555555556
1 0.585453125 0.6423611111111112 0.010984375000000001 0.022625
1 0.373765625 0.4014861111111111 0.014124999999999999 0.026152777777777775
1 0.41967968750000006 0.3385416666666667 0.00878125 0.023875
1 0.44140625 0.5225694444444444 0.013484375000000002 0.025986111111111113
1 0.6591796875 0.5690138888888889 0.013125000000000001 0.020541666666666666
1 0.50146875 0.40320833333333334 0.0140078125 0.03040277777777778
1 0.6450234375 0.26172222222222224 0.0102890625 0.023875
1 0.49034374999999997 0.8602777777777777 0.014296875 0.03240277777777777
0 0.38372656250000003 0.4117361111111111 0.005328125 0.009041666666666667