1 0.6561171875 0.5610416666666667 0.013625000000000002 0.023930555555555556
1 0.0831328125 0.5099861111111111 0.0193515625 0.024055555555555556
1 0.49682812500000006 0.21158333333333335 0.0136875 0.029486111111111112
1 0.3630390625 0.8537361111111111 0.011828125 0.026291666666666665
1 0.21887500000000001 0.20475 0.012921875 0.026486111111111113
1 0.2587890625 0.39105555555555555 0.014226562500000001 0.022805555555555558
0 0.5380859375 0.8502638888888889 0.0037343750000000003 0.008125
1 0.60303125 0.2680138888888889 0.011375 0.018930555555555558
1 0.6259765625 0.7547777777777779 0.0100546875 0.026805555555555558
1 0.798828125 0.5616388888888889 0.019453124999999998 0.022875
1 0.44067187499999994 0.6809861111111111 0.009929687500000001 0.021027777777777777
1 0.5556640625 0.8697916666666666 0.0091953125 0.010791666666666666
1 0.47680468749999994 0.4151527777777778 0.00796875 0.017652777777777778