1 0.5200234375 0.3168472222222222 0.0084453125 0.025
1 0.44311718750000006 0.24695833333333334 0.009015625 0.017722222222222223
1 0.5849609375 0.6423611111111112 0.0102890625 0.02227777777777778
1 0.658203125 0.5677083333333334 0.0125703125 0.01923611111111111
1 0.5498046875 0.7217916666666667 0.009125 0.029625
0 0.3872109375 0.4164444444444444 0.0044531250000000005 0.00836111111111111
1 0.5004921875 0.40343055555555557 0.013125000000000001 0.029833333333333333
1 0.440921875 0.5225694444444444 0.012773437500000002 0.021180555555555557
1 0.41796875 0.34049999999999997 0.011960937500000001 0.024902777777777777
1 0.6435546875 0.26302777777777775 0.012773437500000002 0.025694444444444443
1 0.7666015625 0.5195277777777778 0.0130703125 0.021027777777777777
1 0.37890625 0.40038888888888885 0.011289062499999999 0.01648611111111111
1 0.48971875000000004 0.8601805555555556 0.0117890625 0.023041666666666665