1 0.13146875 0.4861111111111111 0.015601562499999999 0.020069444444444442
1 0.3869609375 0.7291666666666666 0.00815625 0.017319444444444446
1 0.912109375 0.6336805555555556 0.02328125 0.01822222222222222
1 0.530765625 0.4713611111111111 0.0151328125 0.027944444444444445
1 0.651140625 0.5516527777777778 0.0167421875 0.021513888888888888
1 0.33410937500000004 0.2718333333333333 0.01278125 0.02279166666666667
1 0.65234375 0.8060694444444445 0.0146171875 0.023583333333333335
1 0.7626953125 0.36068055555555556 0.017640625 0.023500000000000004
1 0.84375 0.5989583333333334 0.015671875 0.02773611111111111
0 0.8276406250000001 0.8658888888888889 0.0044296875 0.009875
1 0.5139843749999999 0.8132777777777777 0.012984375000000001 0.020972222222222222
1 0.6591796875 0.6163194444444444 0.0153671875 0.01961111111111111
1 0.8115234375 0.7157083333333333 0.016843749999999998 0.022444444444444444