1 0.44018750000000006 0.41384722222222226 0.009273437499999999 0.014611111111111111
1 0.5380859375 0.27452777777777776 0.010132812500000001 0.02201388888888889
1 0.5131875 0.7239583333333334 0.00796875 0.02201388888888889
1 0.40551562499999994 0.7777777777777778 0.011375 0.017194444444444446
1 0.36840625 0.34005555555555556 0.013796875 0.035402777777777776
1 0.45922656249999994 0.25022222222222223 0.013023437500000002 0.026805555555555558
1 0.479984375 0.45181944444444444 0.014390625 0.025097222222222222
1 0.50390625 0.6310833333333333 0.0084453125 0.01998611111111111
1 0.56396875 0.563375 0.00815625 0.016291666666666666
1 0.5244140625 0.47179166666666666 0.00709375 0.018791666666666665
1 0.425296875 0.5985277777777778 0.00878125 0.02538888888888889
0 0.46948437500000006 0.5177916666666667 0.0043671874999999995 0.008194444444444445
1 0.6625625 0.5828194444444444 0.0115859375 0.04040277777777778