1 0.51171875 0.7239583333333334 0.0064609375 0.017388888888888888
1 0.4765625 0.4522638888888889 0.015078125000000001 0.025
0 0.4672890625 0.5221388888888889 0.004296875 0.007736111111111111
1 0.45696875 0.24665277777777778 0.015460937499999999 0.020194444444444442
1 0.5004921875 0.6302083333333334 0.0090859375 0.01952777777777778
1 0.66015625 0.586375 0.0111171875 0.02227777777777778
1 0.4024609375 0.7786944444444444 0.01115625 0.018291666666666668
1 0.534671875 0.27452777777777776 0.0106484375 0.02323611111111111
1 0.42065625000000006 0.594625 0.0082890625 0.019458333333333334
1 0.36432031249999997 0.3277638888888889 0.012210937500000001 0.015444444444444443
1 0.43676562499999994 0.413625 0.00978125 0.014680555555555556
1 0.5625 0.5642361111111112 0.0083125 0.022347222222222223
1 0.521484375 0.4722222222222222 0.007203125 0.018152777777777778