1 0.432078125 0.7041527777777777 0.011421875 0.025625
1 0.152953125 0.48741666666666666 0.0191953125 0.01586111111111111
1 0.36475 0.2665 0.0082890625 0.017
1 0.9497109375000001 0.6358472222222222 0.025757812499999998 0.018583333333333334
1 0.7350625 0.5594027777777778 0.019609375000000002 0.01863888888888889
1 0.8889609374999999 0.7612916666666667 0.0157265625 0.020694444444444446
1 0.5619609375 0.8247083333333333 0.014210937500000001 0.018194444444444444
1 0.5721171875 0.4830416666666667 0.017421875 0.026305555555555558
1 0.869140625 0.9505277777777777 0.0218203125 0.019680555555555555
1 0.6962890625 0.6497361111111111 0.013484375000000002 0.021597222222222223
1 0.8393593750000001 0.4440138888888889 0.01678125 0.018930555555555558
0 0.8608437500000001 0.9479166666666666 0.00609375 0.009027777777777777
1 0.70196875 0.8017777777777777 0.0171796875 0.024555555555555556