1 0.5380859375 0.2753888888888889 0.010132812500000001 0.022527777777777775
1 0.4605 0.24995833333333334 0.0164453125 0.025930555555555557
1 0.3734296875 0.3517222222222222 0.012023437500000001 0.018430555555555554
1 0.4399453125 0.4149305555555556 0.009125 0.012805555555555556
1 0.5075000000000001 0.7160555555555554 0.010359375 0.020749999999999998
1 0.42602343749999994 0.5829027777777778 0.010734375 0.02538888888888889
1 0.5634765625 0.5642361111111112 0.007726562500000001 0.017319444444444446
1 0.40991406250000006 0.7712638888888889 0.010453125 0.02415277777777778
1 0.515625 0.4913194444444444 0.0123359375 0.022875
1 0.5043984375 0.6245694444444444 0.0091640625 0.02315277777777778
1 0.6579296875 0.5636944444444445 0.015203125000000001 0.02436111111111111
1 0.48071093749999994 0.45269444444444445 0.014453125 0.024902777777777777
0 0.46899218749999994 0.5177916666666667 0.0044140625000000005 0.007791666666666667