1 0.2075234375 0.453125 0.014671875000000001 0.02369444444444444
1 0.2302265625 0.22059722222222225 0.016523437499999998 0.024708333333333332
1 0.4194375 0.37066666666666664 0.00878125 0.023333333333333334
1 0.44409375000000006 0.5165 0.00878125 0.017597222222222222
1 0.1859140625 0.859375 0.0172421875 0.026194444444444444
1 0.3335 0.640625 0.0141171875 0.02061111111111111
1 0.3544921875 0.8181388888888889 0.013484375000000002 0.033930555555555554
1 0.0365546875 0.5513888888888889 0.021843750000000002 0.024388888888888887
1 0.130984375 0.6805555555555556 0.0154296875 0.020541666666666666
1 0.39575 0.6835972222222222 0.0183984375 0.03040277777777778
1 0.376953125 0.362625 0.014171875 0.02538888888888889
1 0.732421875 0.5451388888888888 0.017640625 0.022097222222222223
0 0.1450703125 0.6839027777777779 0.0046328125 0.009541666666666667