1 0.624515625 0.41927777777777775 0.0138984375 0.030541666666666665
1 0.65625 0.5759583333333333 0.01353125 0.018361111111111113
1 0.638671875 0.32681944444444444 0.0145546875 0.025097222222222222
1 0.58740625 0.890625 0.014953125000000001 0.02323611111111111
0 0.3974609375 0.2992638888888889 0.004234375 0.008388888888888888
1 0.5571328125 0.46744444444444444 0.011375 0.021597222222222223
1 0.6496328124999999 0.7128888888888889 0.0145390625 0.020555555555555556
1 0.440921875 0.25 0.0088828125 0.017527777777777778
1 0.7006640625 0.6465138888888889 0.0160703125 0.01725
1 0.5244140625 0.3118472222222222 0.008546874999999999 0.025986111111111113
1 0.7548828125 0.3496111111111111 0.013953125 0.0185
1 0.8286171875000001 0.5039027777777778 0.0186953125 0.025
1 0.2907734375 0.37955555555555553 0.0123828125 0.03173611111111111