1 0.2170390625 0.4340277777777778 0.016984375 0.027208333333333334
1 0.06384375 0.5581666666666667 0.023421875 0.022805555555555558
1 0.47534375000000006 0.32595833333333335 0.009601562499999999 0.022194444444444444
1 0.38385156249999997 0.6998055555555556 0.009882812500000001 0.020874999999999998
1 0.423828125 0.3148888888888889 0.0155390625 0.027625
1 0.1916484375 0.7990416666666665 0.0190546875 0.026194444444444444
1 0.45997656249999996 0.68225 0.0151484375 0.02336111111111111
1 0.1651640625 0.5668472222222222 0.022625 0.022625
1 0.5143671875 0.4922083333333333 0.012875000000000001 0.02420833333333333
1 0.7993203125 0.5377638888888889 0.01634375 0.023500000000000004
1 0.4224140625 0.8529444444444445 0.01565625 0.023291666666666665
1 0.23140624999999998 0.21891666666666668 0.0190625 0.024708333333333332
0 0.1683359375 0.6597222222222222 0.0044140625000000005 0.008388888888888888