1 0.4965859375 0.6844583333333334 0.014734375 0.020458333333333335
1 0.3986796875 0.7365416666666665 0.009273437499999999 0.02201388888888889
0 0.3107890625 0.7517361111111112 0.004117187499999999 0.007763888888888889
1 0.4501953125 0.2892777777777778 0.0154296875 0.029736111111111112
1 0.251953125 0.8424444444444443 0.012867187499999998 0.01976388888888889
1 0.23229687499999999 0.21484722222222222 0.013843749999999998 0.027208333333333334
1 0.5590859375 0.4965277777777778 0.014953125000000001 0.02077777777777778
1 0.52490625 0.33702777777777776 0.011640625 0.022875
1 0.07080468749999999 0.5086805555555556 0.018828125 0.019305555555555555
1 0.22864062500000001 0.40559722222222216 0.013328125 0.02061111111111111
1 0.46996874999999994 0.8849861111111111 0.007062499999999999 0.010750000000000001
1 0.20739843750000003 0.5342916666666666 0.0153671875 0.01938888888888889
1 0.8076171875 0.5512222222222222 0.02034375 0.022805555555555558