1 0.67578125 0.7365416666666665 0.011875 0.017
1 0.8129921875000001 0.40320833333333334 0.0167265625 0.022625
1 0.71240625 0.6119861111111111 0.014671875000000001 0.017319444444444446
1 0.7114296875 0.4199166666666666 0.0171796875 0.030305555555555554
1 0.67725 0.890625 0.010734375 0.023875
1 0.8823281250000001 0.5490416666666667 0.0204140625 0.02369444444444444
1 0.7841796875 0.680125 0.0185078125 0.03261111111111111
1 0.6962890625 0.4129722222222222 0.012234375 0.021347222222222222
1 0.431640625 0.2497777777777778 0.007578125 0.02126388888888889
1 0.21521093750000003 0.4704861111111111 0.01628125 0.028152777777777777
1 0.55615625 0.36972222222222223 0.013218750000000001 0.021208333333333333
1 0.6333046875 0.44879166666666664 0.009273437499999999 0.01961111111111111
0 0.5591328125 0.3497777777777778 0.0057109375 0.008402777777777778