1 0.66015625 0.586375 0.0106953125 0.021930555555555554
1 0.458578125 0.24858333333333332 0.016265625 0.02188888888888889
1 0.5122109375 0.7235277777777779 0.0071484375 0.01886111111111111
1 0.4775390625 0.45181944444444444 0.0147890625 0.024333333333333332
1 0.50146875 0.6297777777777778 0.0084140625 0.019680555555555555
1 0.562015625 0.5625 0.00821875 0.023875
1 0.36596875 0.3305138888888889 0.010859375000000001 0.013166666666666667
1 0.536625 0.2749583333333333 0.01053125 0.024527777777777777
1 0.421390625 0.594625 0.008640625 0.01952777777777778
0 0.46753125000000006 0.5186666666666666 0.0041328125 0.007847222222222222
1 0.40210156250000006 0.7799444444444443 0.0124296875 0.021180555555555557
1 0.43823437500000006 0.4127638888888889 0.007609375 0.01326388888888889
1 0.5219765625 0.4739583333333333 0.0073437500000000005 0.022097222222222223