1 0.09121875 0.4863194444444444 0.023304687499999997 0.021652777777777778
1 0.2049375 0.15518055555555557 0.019289062500000002 0.019458333333333334
1 0.2639296875 0.3020972222222222 0.0147890625 0.023541666666666666
1 0.4855078125 0.15618055555555557 0.0152734375 0.026041666666666668
1 0.6195546875 0.17390277777777777 0.016234375000000002 0.027763888888888887
1 0.67834375 0.5616666666666666 0.011328125 0.023166666666666665
1 0.70925 0.7201666666666666 0.0147890625 0.028125
1 0.8335000000000001 0.5236805555555556 0.021703125 0.028652777777777777
1 0.6033671875 0.8938055555555555 0.015671875 0.033375
1 0.38934375 0.8705138888888888 0.0158359375 0.025361111111111112
1 0.4442734375 0.6429722222222222 0.0171953125 0.024611111111111108
1 0.47896875000000005 0.5183194444444444 0.0139921875 0.03177777777777778
0 0.459640625 0.6474166666666666 0.00465625 0.011902777777777778