1 0.5258828125 0.20052777777777778 0.007875 0.026194444444444444
1 0.3714453125 0.14718055555555556 0.0169921875 0.025374999999999998
1 0.42407031249999994 0.6089444444444444 0.009929687500000001 0.022194444444444444
1 0.4506875 0.40625 0.0077578125 0.021680555555555554
1 0.13582812500000002 0.5415138888888889 0.017218749999999998 0.0285
1 0.2571015625 0.7140972222222222 0.0142734375 0.022222222222222223
1 0.4905859375 0.7514722222222221 0.01365625 0.02475
1 0.483890625 0.48741666666666666 0.012148437500000001 0.028055555555555556
1 0.39721875 0.5442777777777777 0.009375 0.017652777777777778
1 0.4262734375 0.7447916666666666 0.00821875 0.020388888888888887
1 0.5945546875 0.6874722222222223 0.01315625 0.023416666666666665
1 0.6001015625 0.37477777777777777 0.0112421875 0.020069444444444442
0 0.3769921875 0.1485138888888889 0.0094296875 0.013055555555555556