1 0.515140625 0.3135833333333333 0.0121953125 0.025291666666666667
1 0.49926562499999994 0.40559722222222216 0.013273437499999999 0.02690277777777778
1 0.444828125 0.24804166666666666 0.0095625 0.015541666666666665
1 0.5454140625 0.7154027777777778 0.012234375 0.021611111111111112
1 0.413578125 0.33831944444444445 0.00790625 0.019458333333333334
1 0.7666015625 0.5277777777777778 0.015187500000000001 0.02369444444444444
1 0.43530468750000006 0.523875 0.00878125 0.017263888888888888
1 0.653234375 0.561625 0.0172421875 0.01651388888888889
0 0.39990625 0.43120833333333336 0.0045703125 0.009875
1 0.48901562500000006 0.8611111111111112 0.0119140625 0.020694444444444446
1 0.6396484375 0.2558611111111111 0.0121015625 0.02305555555555556
1 0.5816171875 0.6367499999999999 0.0134609375 0.020458333333333335
1 0.391 0.4112222222222222 0.010515625 0.023319444444444445