1 0.4581953125 0.24906944444444445 0.0163125 0.018972222222222224
0 0.49780468750000006 0.5933194444444444 0.004179687499999999 0.007916666666666667
1 0.56396875 0.25151388888888887 0.0084765625 0.025097222222222222
1 0.4399453125 0.5876805555555555 0.009820312500000001 0.020458333333333335
1 0.7075234375 0.601125 0.015601562499999999 0.022875
1 0.4458046875 0.3700138888888889 0.0104921875 0.01822222222222222
1 0.583984375 0.5425416666666667 0.0088125 0.021680555555555554
1 0.50928125 0.7309027777777778 0.009296875 0.022097222222222223
1 0.396 0.3480972222222222 0.011554687499999999 0.02415277777777778
1 0.546875 0.44205555555555553 0.007546875 0.022625
1 0.426 0.7971111111111111 0.0100859375 0.021277777777777777
1 0.5122109375 0.6519166666666667 0.007484375 0.020069444444444442
1 0.47680468749999994 0.45269444444444445 0.013375000000000001 0.022527777777777775