1 0.7998046875 0.3851944444444444 0.01771875 0.02369444444444444
1 0.7661171875 0.6601527777777778 0.0173046875 0.02175
1 0.236328125 0.44922222222222224 0.0147890625 0.02369444444444444
1 0.869140625 0.5512222222222222 0.0206484375 0.023500000000000004
1 0.43672656249999997 0.2494861111111111 0.010007812500000001 0.02305555555555556
0 0.5638359375 0.33968055555555554 0.004148437499999999 0.006319444444444444
1 0.6083984375 0.43641666666666673 0.007875 0.019916666666666666
1 0.6762578125 0.7385277777777778 0.0131796875 0.01940277777777778
1 0.6567421875 0.8915 0.0105703125 0.023972222222222225
1 0.6958046875 0.6028611111111111 0.016843749999999998 0.018583333333333334
1 0.686875 0.37727777777777777 0.013953125 0.02059722222222222
1 0.6930546875 0.43044444444444446 0.01775 0.029375
1 0.5642890625 0.32575 0.0082890625 0.020125