1 0.3986796875 0.3528611111111111 0.011960937500000001 0.03040277777777778
1 0.4633828125 0.34744444444444444 0.011164062499999999 0.02175
1 0.5244140625 0.4565972222222222 0.0106953125 0.017944444444444443
1 0.462890625 0.25455555555555553 0.0111171875 0.025875
1 0.61328125 0.53125 0.010328125 0.021930555555555554
1 0.5961953125 0.26584722222222223 0.0121953125 0.025
1 0.44834375 0.8194305555555556 0.012867187499999998 0.026375
1 0.7333984375 0.5920138888888888 0.0179921875 0.024055555555555556
1 0.4536171875 0.5798611111111112 0.0095625 0.02086111111111111
1 0.5141640625 0.7165833333333335 0.011203125 0.02731944444444445
1 0.4790078125 0.42990277777777774 0.014335937500000001 0.027208333333333334
1 0.5389062499999999 0.6655277777777778 0.01475 0.017875
0 0.5297890625 0.648875 0.004625 0.008652777777777778