1 0.8198281250000001 0.4105972222222222 0.014734375 0.021180555555555557
1 0.64209375 0.4583333333333333 0.0081875 0.019680555555555555
1 0.7934609375 0.6827222222222222 0.0155390625 0.018722222222222223
1 0.8876953125 0.5460138888888889 0.019453124999999998 0.022444444444444444
0 0.587234375 0.3790555555555556 0.0037343750000000003 0.0071805555555555555
1 0.6762734375 0.7374166666666667 0.01103125 0.017458333333333333
1 0.716796875 0.6228333333333333 0.01771875 0.025097222222222222
1 0.718265625 0.4238333333333334 0.014453125 0.028055555555555556
1 0.42797656249999994 0.24934722222222222 0.006390625 0.014333333333333333
1 0.6977578125 0.42165277777777777 0.012671874999999999 0.024527777777777777
1 0.20434375 0.47179166666666666 0.014734375 0.022708333333333334
1 0.5512734375 0.3817222222222222 0.008984375 0.02786111111111111
1 0.687015625 0.8949722222222222 0.0110703125 0.024333333333333332