1 0.6953125 0.6475694444444444 0.0153046875 0.022444444444444444
1 0.6484375 0.7109444444444445 0.0090546875 0.014680555555555556
1 0.43937499999999996 0.25098611111111113 0.0120390625 0.026555555555555558
1 0.552734375 0.47005555555555556 0.008671874999999999 0.020305555555555556
1 0.522953125 0.316625 0.0125703125 0.042430555555555555
1 0.6376953125 0.32661111111111113 0.0112421875 0.021597222222222223
1 0.7490234375 0.35265277777777776 0.0171796875 0.02297222222222222
1 0.620609375 0.41927777777777775 0.012234375 0.02752777777777778
1 0.6572265625 0.5798611111111112 0.013328125 0.029263888888888888
1 0.826171875 0.5004305555555556 0.0174375 0.023333333333333334
1 0.293703125 0.36415277777777777 0.012671874999999999 0.02826388888888889
1 0.5830078125 0.890625 0.0084765625 0.023972222222222225
0 0.3852578125 0.2944861111111111 0.004296875 0.008416666666666666