1 0.1259765625 0.48004166666666664 0.011875 0.01659722222222222
1 0.3744375 0.7316805555555554 0.0139296875 0.021055555555555557
1 0.5185546875 0.4678888888888889 0.0141171875 0.027000000000000003
1 0.505 0.8114861111111111 0.0116953125 0.020791666666666667
1 0.636234375 0.7969166666666666 0.013125000000000001 0.02272222222222222
1 0.322265625 0.26779166666666665 0.0098984375 0.01952777777777778
1 0.6177734375 0.5445138888888889 0.0161015625 0.017722222222222223
1 0.6489296875 0.6171944444444445 0.0140625 0.026375
1 0.73046875 0.3444027777777778 0.0184296875 0.029055555555555557
1 0.8124296875000001 0.5554166666666667 0.018476562499999998 0.025222222222222222
1 0.8940468750000001 0.6045972222222222 0.0203671875 0.021680555555555554
1 0.7896015625 0.603625 0.017953125 0.03166666666666667
0 0.80859375 0.79775 0.004703125 0.010638888888888889