0 0.49047656249999994 0.5768194444444444 0.00421875 0.008625
1 0.5048828125 0.6432361111111111 0.0088828125 0.018152777777777778
1 0.4326171875 0.5911527777777777 0.008953125000000001 0.018430555555555554
1 0.55615625 0.245875 0.009671875 0.019305555555555555
1 0.42163281250000006 0.8029583333333333 0.0102890625 0.02323611111111111
1 0.5083046875 0.7382777777777777 0.009523437499999999 0.021930555555555554
1 0.7006875 0.602 0.016523437499999998 0.02359722222222222
1 0.5458984375 0.4479166666666667 0.008515625 0.024708333333333332
1 0.5771484375 0.5516527777777778 0.009523437499999999 0.02315277777777778
1 0.390140625 0.3454861111111111 0.0115078125 0.021111111111111112
1 0.45824999999999994 0.24934722222222222 0.011289062499999999 0.015541666666666665
1 0.4438515625 0.3741388888888889 0.008578125 0.014499999999999999
1 0.4765625 0.453125 0.013375000000000001 0.022097222222222223