1 0.23181250000000003 0.22080555555555553 0.0146171875 0.02227777777777778
1 0.44800000000000006 0.6779583333333333 0.0104921875 0.02013888888888889
1 0.1662578125 0.8146666666666665 0.012671874999999999 0.018083333333333333
1 0.3720703125 0.6827222222222222 0.0125703125 0.026486111111111113
1 0.0472421875 0.5499166666666666 0.0186171875 0.020541666666666666
1 0.40771875 0.32140277777777776 0.01628125 0.028624999999999998
1 0.12378125 0.5868055555555556 0.0223671875 0.03241666666666666
1 0.458984375 0.3200972222222222 0.01040625 0.035541666666666666
1 0.40551562499999994 0.8372361111111111 0.0122890625 0.023875
1 0.4973515625 0.4992916666666667 0.013375000000000001 0.02284722222222222
1 0.2006875 0.425125 0.012671874999999999 0.018291666666666668
1 0.7785859375 0.5331111111111111 0.016390625 0.021861111111111112
0 0.1175546875 0.6002638888888889 0.0044843750000000005 0.009458333333333332