1 0.4638671875 0.6861944444444444 0.0090546875 0.024902777777777777
1 0.515625 0.5013055555555556 0.0122890625 0.03856944444444444
0 0.17725 0.6788194444444444 0.0043828125 0.008819444444444444
1 0.1951875 0.7999166666666667 0.0185078125 0.026486111111111113
1 0.064390625 0.5590277777777778 0.020765625 0.022875
1 0.3852578125 0.7013888888888888 0.010249999999999999 0.023500000000000004
1 0.42407031249999994 0.31380555555555556 0.015187500000000001 0.029486111111111112
1 0.1691875 0.5655416666666666 0.0195 0.022625
1 0.2309609375 0.22634722222222223 0.01815625 0.03797222222222222
1 0.478515625 0.32616666666666666 0.008953125000000001 0.019916666666666666
1 0.4248046875 0.8598055555555555 0.010609375 0.021930555555555554
1 0.21789843750000001 0.43272222222222223 0.0140625 0.017944444444444443
1 0.80078125 0.538625 0.0177734375 0.025