1 0.48852343749999994 0.393875 0.01353125 0.02315277777777778
1 0.5009765625 0.3116388888888889 0.008375 0.020069444444444442
1 0.4477578125 0.2497777777777778 0.009710937499999999 0.021180555555555557
1 0.578125 0.6297777777777778 0.00809375 0.022444444444444444
1 0.4399453125 0.453125 0.014835937499999998 0.02731944444444445
1 0.42749218750000006 0.5329861111111112 0.0084140625 0.028486111111111115
1 0.47719531249999997 0.8473611111111111 0.0124140625 0.016416666666666666
1 0.6333046875 0.250875 0.009820312500000001 0.024902777777777777
1 0.6381875 0.5442777777777777 0.0135859375 0.01916666666666667
0 0.48828125 0.5434027777777778 0.004148437499999999 0.007916666666666667
1 0.530375 0.7052777777777778 0.0099609375 0.014624999999999999
1 0.7568359375 0.5412361111111111 0.013273437499999999 0.02359722222222222
1 0.39721875 0.3472222222222222 0.012148437500000001 0.02315277777777778