1 0.62109375 0.17502777777777778 0.012671874999999999 0.02826388888888889
0 0.47534375000000006 0.5316805555555556 0.0070078125 0.013583333333333333
1 0.390625 0.8710972222222223 0.0140625 0.026805555555555558
1 0.203125 0.15516666666666667 0.0164609375 0.021597222222222223
1 0.679203125 0.5607638888888888 0.0088828125 0.023500000000000004
1 0.710453125 0.7213611111111111 0.012148437500000001 0.025875
1 0.266359375 0.2864583333333333 0.0135859375 0.02773611111111111
1 0.0910625 0.48480555555555555 0.0197890625 0.021680555555555554
1 0.828125 0.5243055555555556 0.0191953125 0.02752777777777778
1 0.48696875000000006 0.15665277777777778 0.014953125000000001 0.028916666666666667
1 0.6001015625 0.8806388888888889 0.009523437499999999 0.02752777777777778
1 0.4404296875 0.6471388888888889 0.008 0.017875
1 0.4803828125 0.5164861111111111 0.0145390625 0.020930555555555556