1 0.435109375 0.4026666666666667 0.0121875 0.022361111111111113
1 0.1358671875 0.5421944444444444 0.0191171875 0.024069444444444442
1 0.2588828125 0.7161527777777777 0.015320312499999999 0.024986111111111108
1 0.423828125 0.6111111111111112 0.00978125 0.01886111111111111
1 0.6001015625 0.37044444444444447 0.010609375 0.026583333333333334
1 0.5263671875 0.20616666666666666 0.008953125000000001 0.02752777777777778
1 0.3969765625 0.5464444444444444 0.0090546875 0.01622222222222222
1 0.42309374999999994 0.7534722222222222 0.011289062499999999 0.020541666666666666
1 0.48168749999999994 0.49045833333333333 0.011640625 0.026194444444444444
1 0.3681640625 0.15375 0.011875 0.02377777777777778
1 0.48852343749999994 0.7556388888888889 0.0080625 0.021847222222222223
1 0.5947265625 0.6931388888888889 0.0112421875 0.026194444444444444
0 0.37890625 0.1841388888888889 0.0045078125 0.010555555555555556