1 0.12882031249999998 0.47881944444444446 0.0170390625 0.020277777777777777
1 0.880859375 0.5442777777777777 0.0204140625 0.021597222222222223
1 0.75390625 0.484375 0.020921875 0.023875
1 0.4965859375 0.4631111111111111 0.0151328125 0.027000000000000003
1 0.755859375 0.5846388888888889 0.0158359375 0.025875
1 0.3548359375 0.7467499999999999 0.0133359375 0.025361111111111112
1 0.5673828125 0.5342916666666666 0.010734375 0.01673611111111111
1 0.3099140625 0.26966666666666667 0.0194921875 0.027055555555555555
1 0.616359375 0.7726388888888889 0.017812500000000002 0.028430555555555553
1 0.48618750000000005 0.8240694444444445 0.009523437499999999 0.021125
1 0.666015625 0.3181388888888889 0.016523437499999998 0.022194444444444444
1 0.6205 0.6404305555555556 0.0115234375 0.017875
0 0.757328125 0.5165 0.0054453125 0.009319444444444444