1 0.3654765625 0.329 0.0115078125 0.019305555555555555
1 0.4765625 0.4522638888888889 0.015187500000000001 0.025
1 0.5107421875 0.7283055555555555 0.0091640625 0.028944444444444443
1 0.5004921875 0.6289027777777778 0.008984375 0.018430555555555554
0 0.4672890625 0.5217083333333333 0.0043828125 0.008097222222222223
1 0.4013671875 0.7790833333333335 0.011289062499999999 0.01952777777777778
1 0.66015625 0.586375 0.011289062499999999 0.022805555555555558
1 0.45581250000000006 0.24630555555555556 0.010859375000000001 0.0185
1 0.534671875 0.27452777777777776 0.0103671875 0.022527777777777775
1 0.4208984375 0.5941805555555556 0.008546874999999999 0.01923611111111111
1 0.437015625 0.4116805555555556 0.0082890625 0.01336111111111111
1 0.5615234375 0.5625 0.007484375 0.021680555555555554
1 0.521 0.4730972222222222 0.0071484375 0.01998611111111111